Agent ID,0
Number of,601
0,0.0,-0.05451428634833655,0.01052016171902602,0.16558093013458514
1,0.0032,-0.0545142632358317,0.010520130148875333,0.1655809217743678
2,0.0064,-0.05451410144829775,0.010519909157820527,0.16558086325284652
3,0.009600000000000001,-0.054513662310705605,0.01051930932495748,0.16558070440871725
4,0.0128,-0.05451280714802617,0.010518141229382074,0.16558039508067607
5,0.016,-0.054511397285230336,0.010516215450190188,0.165579885107419
6,0.019200000000000002,-0.05450929404728902,0.010513342566477702,0.16557912432764205
7,0.0224,-0.054506358759173104,0.010509333157340496,0.16557806258004126
8,0.0256,-0.05450245274585351,0.010503997801874452,0.16557664970331265
9,0.028800000000000003,-0.05449743733230113,0.010497147079175448,0.16557483553615224
10,0.032,-0.05449117384348687,0.010488591568339364,0.16557256991725605
11,0.0352,-0.05448352360438162,0.01047814184846208,0.16556980268532012
12,0.038400000000000004,-0.05447434793995629,0.010465608498639478,0.1655664836790405
13,0.041600000000000005,-0.05446350817518179,0.010450802097967437,0.16556256273711314
14,0.0448,-0.05445086563502902,0.010433533225541835,0.16555798969823415
15,0.048,-0.05443628164446886,0.010413612460458556,0.1655527144010995
16,0.0512,-0.05441961752847224,0.010390850381813477,0.16554668668440525
17,0.054400000000000004,-0.054400734612010046,0.01036505756870248,0.16553985638684737
18,0.057600000000000005,-0.054379494220053184,0.010336044600221443,0.16553217334712197
19,0.0608,-0.05435575767757256,0.010303622055466248,0.165523587403925
20,0.064,-0.05432938630953907,0.010267600513532774,0.16551404839595252
21,0.06720000000000001,-0.054300241440923616,0.010227790553516901,0.16550350616190057
22,0.0704,-0.0542681843966971,0.01018400275451451,0.16549191054046514
23,0.0736,-0.05423307650183043,0.01013604769562148,0.16547921137034227
24,0.07680000000000001,-0.054194779081294504,0.01008373595593369,0.16546535849022798
25,0.08,-0.05415315346006022,0.010026878114547024,0.16545030173881833
26,0.08320000000000001,-0.05410806096309849,0.009965284750557357,0.1654339909548093
27,0.0864,-0.0540593629153802,0.009898766443060574,0.16541637597689693
28,0.0896,-0.05400692064187627,0.009827133771152553,0.16539740664377725
29,0.09280000000000001,-0.05395059546755758,0.009750197313929173,0.1653770327941463
30,0.096,-0.053890248717395055,0.009667767650486315,0.16535520426670008
31,0.09920000000000001,-0.053825741716359586,0.009579655359919859,0.16533187090013463
32,0.1024,-0.053756935789422075,0.009485671021325684,0.16530698253314596
33,0.1056,-0.053683738486563125,0.009385688354101047,0.1652805057248648
34,0.10880000000000001,-0.053606242257802125,0.00927983363884869,0.1652524739161604
35,0.112,-0.05352458577816819,0.009168296296472733,0.16522293726833678
36,0.11520000000000001,-0.05343890772269041,0.009051265747877301,0.1651919459426979
37,0.1184,-0.05334934676639788,0.00892893141396651,0.16515955010054773
38,0.1216,-0.0532560415843197,0.008801482715644482,0.16512579990319023
39,0.12480000000000001,-0.05315913085148497,0.008669109073815334,0.16509074551192943
40,0.128,-0.05305875324292279,0.008531999909383189,0.16505443708806924
41,0.1312,-0.05295504743366225,0.008390344643252163,0.1650169247929137
42,0.13440000000000002,-0.05284815209873246,0.00824433269632638,0.1649782587877667
43,0.1376,-0.05273820591316251,0.00809415348950996,0.16493848923393228
44,0.1408,-0.0526253475519815,0.00793999644370702,0.1648976662927144
45,0.14400000000000002,-0.05250971569021852,0.00778205097982168,0.16485584012541704
46,0.1472,-0.052391449002902685,0.007620506518758063,0.16481306089334416
47,0.1504,-0.052270686165063085,0.007455552481420287,0.16476937875779973
48,0.15360000000000001,-0.05214756585172881,0.007287378288712473,0.16472484388008776
49,0.1568,-0.05202222673792897,0.007116173361538738,0.16467950642151216
50,0.16,-0.05189480749869266,0.006942127120803205,0.164633416543377
51,0.1632,-0.051765446809048966,0.006765428987409991,0.16458662440698613
52,0.16640000000000002,-0.051634283344027004,0.006586268382263221,0.16453918017364363
53,0.1696,-0.051501455778655864,0.006404834726267009,0.16449113400465343
54,0.1728,-0.05136710278796465,0.006221317440325479,0.1644425360613195
55,0.17600000000000002,-0.05123136304698245,0.006035905945342751,0.16439343650494584
56,0.1792,-0.05109437523073837,0.005848789662222945,0.1643438854968364
57,0.1824,-0.0509562780142615,0.005660158011870177,0.1642939331982952
58,0.18560000000000001,-0.05081721007258095,0.005470200415188571,0.16424362977062612
59,0.1888,-0.050677310080725804,0.00527910629308224,0.16419302537513322
60,0.192,-0.05053671671372517,0.005087065066455314,0.16414217017312047
61,0.1952,-0.050395568646608144,0.004894266156211907,0.1640911143258918
62,0.19840000000000002,-0.05025400455440382,0.004700898983256139,0.1640399079947512
63,0.2016,-0.050112163112141304,0.004507152968492135,0.16398860134100268
64,0.2048,-0.04997018299484969,0.004313217532824008,0.16393724452595015
65,0.20800000000000002,-0.04978556760748332,0.004129226880079421,0.16375600163815976
66,0.2112,-0.049600952220116956,0.003945236227334835,0.1635747587503694
67,0.2144,-0.04941633683275059,0.0037612455745902485,0.163393515862579
68,0.21760000000000002,-0.049231721445384215,0.0035772549218456616,0.1632122729747886
69,0.2208,-0.04904710605801785,0.003393264269101075,0.16303103008699824
70,0.224,-0.04886249067065148,0.0032092736163564888,0.16284978719920784
71,0.2272,-0.04867787528328511,0.003025282963611902,0.16266854431141745
72,0.23040000000000002,-0.048493259895918746,0.002841292310867315,0.16248730142362705
73,0.2336,-0.04830864450855238,0.0026573016581227286,0.16230605853583668
74,0.2368,-0.048124029121186004,0.002473311005378142,0.1621248156480463
75,0.24000000000000002,-0.04793941373381964,0.0022893203526335552,0.1619435727602559
76,0.24320000000000003,-0.04775479834645327,0.002105329699888969,0.16176232987246553
77,0.2464,-0.0475701829590869,0.001921339047144382,0.16158108698467513
78,0.24960000000000002,-0.047385567571720535,0.0017373483943997955,0.16139984409688474
79,0.2528,-0.04720095218435417,0.001553357741655209,0.16121860120909437
80,0.256,-0.0470163367969878,0.0013693670889106222,0.16103735832130397
81,0.2592,-0.04683172140962143,0.0011853764361660353,0.16085611543351358
82,0.2624,-0.04664710602225506,0.0010013857834214488,0.1606748725457232
83,0.2656,-0.04646249063488869,0.0008173951306768624,0.16049362965793282
84,0.26880000000000004,-0.046277875247522325,0.000633404477932276,0.16031238677014242
85,0.272,-0.04609325986015596,0.0004494138251876891,0.16013114388235203
86,0.2752,-0.04590864447278959,0.0002654231724431022,0.15994990099456166
87,0.2784,-0.04572402908542322,8.14325196985162e-05,0.15976865810677127
88,0.2816,-0.04553941369805685,-0.00010255813304607068,0.15958741521898087
89,0.2848,-0.04535479831069048,-0.00028654878579065755,0.1594061723311905
90,0.28800000000000003,-0.045170182923324115,-0.00047053943853524443,0.1592249294434001
91,0.2912,-0.04498556753595775,-0.0006545300912798304,0.15904368655560971
92,0.2944,-0.04480095214859138,-0.0008385207440244173,0.15886244366781935
93,0.29760000000000003,-0.044616336761225006,-0.0010225113967690042,0.15868120078002895
94,0.3008,-0.04443172137385864,-0.0012065020495135902,0.15849995789223856
95,0.30400000000000005,-0.04424710598649227,-0.001390492702258177,0.1583187150044482
96,0.30720000000000003,-0.044062490599125904,-0.001574483355002764,0.1581374721166578
97,0.3104,-0.04387787521175954,-0.0017584740077473508,0.1579562292288674
98,0.3136,-0.04369325982439317,-0.0019424646604919377,0.157774986341077
99,0.3168,-0.0435086444370268,-0.0021264553132365237,0.15759374345328664
100,0.32,-0.04332402904966043,-0.0023104459659811106,0.15741250056549624
101,0.32320000000000004,-0.04313941366229406,-0.0024944366187256966,0.15723125767770585
102,0.3264,-0.042954798274927694,-0.0026784272714702835,0.15705001478991548
103,0.3296,-0.04277018288756133,-0.0028624179242148703,0.1568687719021251
104,0.3328,-0.04258556750019496,-0.0030464085769594564,0.1566875290143347
105,0.336,-0.04240095211282859,-0.0032303992297040432,0.15650628612654433
106,0.33920000000000006,-0.042216336725462225,-0.00341438988244863,0.15632504323875393
107,0.34240000000000004,-0.04203172133809585,-0.003598380535193216,0.15614380035096354
108,0.3456,-0.041847105950729484,-0.003782371187937804,0.15596255746317317
109,0.3488,-0.041662490563363117,-0.00396636184068239,0.15578131457538277
110,0.352,-0.04147787517599675,-0.004150352493426976,0.15560007168759238
111,0.3552,-0.04129325978863038,-0.004334343146171564,0.15541882879980198
112,0.35840000000000005,-0.04110864440126401,-0.00451833379891615,0.15523758591201162
113,0.36160000000000003,-0.04092402901389765,-0.004702324451660737,0.15505634302422122
114,0.3648,-0.04073941362653127,-0.004886315104405323,0.15487510013643083
115,0.368,-0.040554798239164906,-0.005070305757149911,0.15469385724864046
116,0.3712,-0.04037018285179854,-0.005254296409894497,0.15451261436085006
117,0.37439999999999996,-0.040170182845736174,-0.005413408268231461,0.15431600037075216
118,0.3776,-0.03997018283967381,-0.005572520126568425,0.15411938638065426
119,0.38079999999999997,-0.03977018283361144,-0.005731631984905389,0.15392277239055635
120,0.38399999999999995,-0.03957018282754907,-0.005890743843242353,0.15372615840045845
121,0.3872,-0.03937018282148671,-0.006049855701579316,0.15352954441036054
122,0.39039999999999997,-0.039170182815424344,-0.00620896755991628,0.15333293042026264
123,0.39359999999999995,-0.03897018280936198,-0.006368079418253244,0.15313631643016473
124,0.3968,-0.03877018280329961,-0.006527191276590208,0.15293970244006683
125,0.39999999999999997,-0.03857018279723724,-0.006686303134927172,0.15274308844996892
126,0.4032,-0.03837018279117488,-0.006845414993264136,0.15254647445987102
127,0.4064,-0.038170182785112514,-0.007004526851601099,0.1523498604697731
128,0.40959999999999996,-0.03797018277905015,-0.007163638709938063,0.1521532464796752
129,0.4128,-0.037770182772987784,-0.007322750568275027,0.1519566324895773
130,0.416,-0.03757018276692541,-0.007481862426611991,0.1517600184994794
131,0.41919999999999996,-0.03737018276086305,-0.007640974284948955,0.1515634045093815
132,0.4224,-0.03717018275480068,-0.007800086143285919,0.1513667905192836
133,0.4256,-0.03697018274873832,-0.007959198001622883,0.15117017652918568
134,0.42879999999999996,-0.036770182742675954,-0.008118309859959847,0.15097356253908778
135,0.432,-0.03657018273661358,-0.008277421718296811,0.15077694854898988
136,0.4352,-0.03637018273055122,-0.008436533576633775,0.15058033455889197
137,0.4384,-0.03617018272448885,-0.008595645434970739,0.15038372056879407
138,0.4416,-0.03597018271842649,-0.008754757293307703,0.15018710657869616
139,0.4448,-0.035770182712364124,-0.008913869151644667,0.14999049258859826
140,0.44799999999999995,-0.03557018270630176,-0.009072981009981631,0.14979387859850035
141,0.4512,-0.03537018270023939,-0.009232092868318595,0.14959726460840245
142,0.45439999999999997,-0.03517018269417702,-0.009391204726655559,0.14940065061830457
143,0.4576,-0.03497018268811466,-0.009550316584992521,0.14920403662820667
144,0.4608,-0.03477018268205229,-0.009709428443329485,0.14900742263810876
145,0.46399999999999997,-0.03457018267598993,-0.009868540301666449,0.14881080864801086
146,0.46719999999999995,-0.03437018266992756,-0.010027652160003413,0.14861419465791295
147,0.4704,-0.03417018266386519,-0.010186764018340377,0.14841758066781505
148,0.47359999999999997,-0.03397018265780283,-0.010345875876677341,0.14822096667771714
149,0.4768,-0.03377018265174046,-0.010504987735014303,0.14802435268761924
150,0.48,-0.0335701826456781,-0.010664099593351267,0.14782773869752133
151,0.48319999999999996,-0.03337018263961573,-0.010823211451688233,0.14763112470742343
152,0.4864,-0.03317018263355336,-0.010982323310025195,0.14743451071732552
153,0.4896,-0.032970182627491,-0.01114143516836216,0.14723789672722762
154,0.49279999999999996,-0.03277018262142863,-0.011300547026699123,0.1470412827371297
155,0.496,-0.03257018261536627,-0.011459658885036087,0.1468446687470318
156,0.4992,-0.032370182609303896,-0.011618770743373051,0.1466480547569339
157,0.5024,-0.03217018260324153,-0.011777882601710015,0.146451440766836
158,0.5056,-0.03197018259717917,-0.011936994460046979,0.1462548267767381
159,0.5087999999999999,-0.0317701825911168,-0.012096106318383943,0.1460582127866402
160,0.512,-0.03157018258505444,-0.012255218176720907,0.14586159879654229
161,0.5152,-0.03137018257899207,-0.012414330035057871,0.14566498480644438
162,0.5184,-0.0311701825729297,-0.012573441893394835,0.14546837081634648
163,0.5216,-0.030970182566867337,-0.012732553751731799,0.14527175682624857
164,0.5247999999999999,-0.030770182560804972,-0.012891665610068763,0.14507514283615067
165,0.5279999999999999,-0.030546926741382242,-0.012968053469462197,0.14485434731348024
166,0.5311999999999999,-0.03032367092195951,-0.013044441328855632,0.14463355179080983
167,0.5344,-0.03010041510253678,-0.013120829188249066,0.1444127562681394
168,0.5376,-0.02987715928311405,-0.013197217047642502,0.144191960745469
169,0.5408,-0.02965390346369132,-0.013273604907035936,0.14397116522279857
170,0.5439999999999999,-0.029430647644268587,-0.01334999276642937,0.14375036970012817
171,0.5471999999999999,-0.029207391824845857,-0.013426380625822805,0.14352957417745774
172,0.5503999999999999,-0.028984136005423128,-0.013502768485216239,0.14330877865478733
173,0.5536,-0.028760880186000398,-0.013579156344609674,0.1430879831321169
174,0.5568,-0.028537624366577665,-0.013655544204003108,0.1428671876094465
175,0.5599999999999999,-0.028314368547154935,-0.013731932063396542,0.14264639208677607
176,0.5631999999999999,-0.028091112727732206,-0.013808319922789978,0.14242559656410567
177,0.5663999999999999,-0.027867856908309473,-0.013884707782183411,0.14220480104143524
178,0.5695999999999999,-0.027644601088886743,-0.013961095641576847,0.14198400551876483
179,0.5728,-0.027421345269464013,-0.01403748350097028,0.1417632099960944
180,0.576,-0.027198089450041284,-0.014113871360363715,0.141542414473424
181,0.5791999999999999,-0.02697483363061855,-0.01419025921975715,0.14132161895075357
182,0.5823999999999999,-0.02675157781119582,-0.014266647079150584,0.14110082342808317
183,0.5855999999999999,-0.026528321991773088,-0.014343034938544018,0.14088002790541274
184,0.5888,-0.026305066172350358,-0.014419422797937453,0.14065923238274233
185,0.592,-0.02608181035292763,-0.014495810657330887,0.1404384368600719
186,0.5952,-0.0258585545335049,-0.014572198516724323,0.1402176413374015
187,0.5983999999999999,-0.02563529871408217,-0.014648586376117757,0.13999684581473107
188,0.6015999999999999,-0.025412042894659436,-0.01472497423551119,0.13977605029206067
189,0.6047999999999999,-0.025188787075236706,-0.014801362094904626,0.13955525476939024
190,0.608,-0.024965531255813977,-0.01487774995429806,0.13933445924671983
191,0.6112,-0.024742275436391244,-0.014954137813691495,0.1391136637240494
192,0.6144,-0.024519019616968514,-0.01503052567308493,0.138892868201379
193,0.6175999999999999,-0.024295763797545784,-0.015106913532478363,0.13867207267870857
194,0.6207999999999999,-0.024072507978123055,-0.015183301391871799,0.13845127715603817
195,0.6239999999999999,-0.02384925215870032,-0.015259689251265232,0.13823048163336774
196,0.6272,-0.023625996339277592,-0.015336077110658666,0.13800968611069733
197,0.6304,-0.023402740519854862,-0.015412464970052102,0.1377888905880269
198,0.6335999999999999,-0.02317948470043213,-0.015488852829445536,0.1375680950653565
199,0.6367999999999999,-0.0229562288810094,-0.015565240688838971,0.13734729954268607
200,0.6399999999999999,-0.02273297306158667,-0.015641628548232405,0.13712650402001567
201,0.6432,-0.02250971724216394,-0.01571801640762584,0.13690570849734524
202,0.6464,-0.022286461422741207,-0.015794404267019273,0.13668491297467483
203,0.6496,-0.022063205603318477,-0.01587079212641271,0.1364641174520044
204,0.6527999999999999,-0.021839949783895744,-0.015947179985806144,0.13624332192933397
205,0.6559999999999999,-0.021616693964473015,-0.01602356784519958,0.13602252640666357
206,0.6592,-0.021393438145050285,-0.01609995570459301,0.13580173088399317
207,0.6624,-0.021170182325627555,-0.016176343563986447,0.13558093536132274
208,0.6656,-0.020981947028660065,-0.015992806349434972,0.13539450984712292
209,0.6688,-0.020793711731692574,-0.015809269134883498,0.13520808433292314
210,0.672,-0.020605476434725083,-0.015625731920332023,0.13502165881872333
211,0.6752,-0.020417241137757593,-0.015442194705780546,0.13483523330452354
212,0.6784,-0.0202290058407901,-0.015258657491229071,0.13464880779032373
213,0.6816,-0.020040770543822608,-0.015075120276677597,0.13446238227612395
214,0.6848,-0.019852535246855117,-0.01489158306212612,0.13427595676192414
215,0.688,-0.019664299949887627,-0.014708045847574645,0.13408953124772435
216,0.6912,-0.019476064652920136,-0.01452450863302317,0.13390310573352454
217,0.6944,-0.019287829355952645,-0.014340971418471696,0.13371668021932476
218,0.6976,-0.019099594058985155,-0.01415743420392022,0.13353025470512495
219,0.7008,-0.018911358762017664,-0.013973896989368744,0.13334382919092516
220,0.704,-0.018723123465050173,-0.01379035977481727,0.13315740367672535
221,0.7071999999999999,-0.01853488816808268,-0.013606822560265793,0.13297097816252557
222,0.7104,-0.01834665287111519,-0.013423285345714318,0.13278455264832575
223,0.7136,-0.018158417574147698,-0.013239748131162844,0.13259812713412597
224,0.7168,-0.017970182277180207,-0.013056210916611369,0.13241170161992616
225,0.72,-0.017781946980212716,-0.012872673702059894,0.13222527610572637
226,0.7232,-0.017593711683245226,-0.01268913648750842,0.13203885059152656
227,0.7263999999999999,-0.017405476386277735,-0.012505599272956943,0.13185242507732678
228,0.7296,-0.017217241089310244,-0.012322062058405468,0.13166599956312697
229,0.7328,-0.017029005792342754,-0.012138524843853991,0.13147957404892718
230,0.736,-0.01684077049537526,-0.011954987629302517,0.13129314853472737
231,0.7392,-0.016652535198407772,-0.011771450414751042,0.1311067230205276
232,0.7424,-0.01646429990144028,-0.011587913200199567,0.13092029750632778
233,0.7456,-0.016276064604472788,-0.011404375985648092,0.130733871992128
234,0.7488,-0.016087829307505297,-0.011220838771096617,0.13054744647792818
235,0.752,-0.015899594010537806,-0.011037301556545141,0.1303610209637284
236,0.7552,-0.015711358713570316,-0.010853764341993668,0.13017459544952859
237,0.7584,-0.015523123416602825,-0.010670227127442191,0.1299881699353288
238,0.7616,-0.015334888119635334,-0.010486689912890715,0.129801744421129
239,0.7648,-0.015146652822667842,-0.01030315269833924,0.1296153189069292
240,0.768,-0.01495841752570035,-0.010119615483787765,0.1294288933927294
241,0.7712,-0.014770182228732859,-0.00993607826923629,0.1292424678785296
242,0.7744,-0.014581946931765368,-0.009752541054684816,0.1290560423643298
243,0.7776,-0.014393711634797877,-0.009569003840133341,0.12886961685013001
244,0.7807999999999999,-0.014205476337830387,-0.009385466625581864,0.1286831913359302
245,0.784,-0.014017241040862896,-0.00920192941103039,0.12849676582173042
246,0.7872,-0.013829005743895405,-0.009018392196478913,0.1283103403075306
247,0.7904,-0.013640770446927913,-0.008834854981927438,0.12812391479333082
248,0.7936,-0.01345253514996042,-0.008651317767375964,0.127937489279131
249,0.7968,-0.013264299852992932,-0.008467780552824489,0.12775106376493123
250,0.8,-0.013076064556025441,-0.008284243338273014,0.12756463825073142
251,0.8032,-0.012887829259057949,-0.008100706123721537,0.12737821273653163
252,0.8064,-0.012699593962090458,-0.007917168909170063,0.12719178722233182
253,0.8096,-0.012511358665122967,-0.007733631694618588,0.12700536170813204
254,0.8128,-0.012323123368155475,-0.007550094480067111,0.12681893619393222
255,0.8160000000000001,-0.012134888071187986,-0.007366557265515638,0.12663251067973244
256,0.8191999999999999,-0.011946652774220494,-0.007183020050964162,0.12644608516553263
257,0.8224,-0.011758417477253003,-0.006999482836412687,0.12625965965133285
258,0.8256,-0.011570182180285512,-0.006815945621861212,0.12607323413713303
259,0.8288,-0.01138194688332717,-0.006632256589323956,0.12588566931892994
260,0.832,-0.011193711586368829,-0.006448567556786701,0.12569810450072683
261,0.8352,-0.011005476289410487,-0.006264878524249445,0.12551053968252374
262,0.8384,-0.010817240992452144,-0.006081189491712189,0.12532297486432065
263,0.8416,-0.010629005695493802,-0.005897500459174933,0.12513541004611756
264,0.8448,-0.01044077039853546,-0.0057138114266376775,0.12494784522791445
265,0.848,-0.010252535101577118,-0.005530122394100422,0.12476028040971135
266,0.8512,-0.010064299804618777,-0.005346433361563166,0.12457271559150826
267,0.8544,-0.009876064507660435,-0.00516274432902591,0.12438515077330516
268,0.8576,-0.009687829210702093,-0.004979055296488654,0.12419758595510207
269,0.8608,-0.009499593913743751,-0.004795366263951399,0.12401002113689896
270,0.864,-0.00931135861678541,-0.004611677231414143,0.12382245631869587
271,0.8672,-0.009123123319827066,-0.004427988198876886,0.12363489150049277
272,0.8704,-0.008934888022868724,-0.004244299166339631,0.12344732668228968
273,0.8736,-0.008746652725910383,-0.0040606101338023755,0.12325976186408658
274,0.8768,-0.008558417428952041,-0.0038769211012651197,0.12307219704588349
275,0.88,-0.0083701821319937,-0.003693232068727864,0.12288463222768038
276,0.8832,-0.008181946835035358,-0.003509543036190608,0.12269706740947728
277,0.8864,-0.007993711538077016,-0.0033258540036533524,0.12250950259127419
278,0.8896,-0.007805476241118673,-0.0031421649711160966,0.12232193777307108
279,0.8928,-0.007617240944160331,-0.0029584759385788404,0.122134372954868
280,0.896,-0.007429005647201989,-0.002774786906041585,0.12194680813666489
281,0.8992,-0.007240770350243647,-0.0025910978735043293,0.1217592433184618
282,0.9024,-0.007052535053285305,-0.0024074088409670735,0.1215716785002587
283,0.9056,-0.006864299756326964,-0.0022237198084298178,0.12138411368205561
284,0.9088,-0.006676064459368621,-0.002040030775892561,0.1211965488638525
285,0.912,-0.006487829162410279,-0.0018563417433553062,0.12100898404564941
286,0.9152,-0.006299593865451938,-0.0016726527108180504,0.12082141922744631
287,0.9184,-0.006111358568493596,-0.0014889636782807946,0.12063385440924322
288,0.9216,-0.005923123271535253,-0.0013052746457435389,0.12044628959104012
289,0.9248000000000001,-0.005734887974576912,-0.001121585613206283,0.12025872477283703
290,0.928,-0.00554665267761857,-0.0009378965806690273,0.12007115995463392
291,0.9312,-0.005358417380660227,-0.0007542075481317707,0.11988359513643082
292,0.9344,-0.005170182083701885,-0.0005705185155945158,0.11969603031822773
293,0.9376,-0.004981946786743544,-0.00038682948305726,0.11950846550002463
294,0.9408,-0.004793711489785202,-0.0002031404505200042,0.11932090068182154
295,0.944,-0.004605476192826859,-1.945141798274843e-05,0.11913333586361843
296,0.9472,-0.0044172408958685185,0.00016423761455450735,0.11894577104541534
297,0.9504,-0.004229005598910176,0.0003479266470917631,0.11875820622721224
298,0.9536,-0.004040770301951834,0.0005316156796290189,0.11857064140900915
299,0.9568,-0.0038525350049934924,0.0007153047121662747,0.11838307659080605
300,0.96,-0.003664299708035149,0.0008989937447035313,0.11819551177260296
301,0.9632000000000001,-0.003476064411076809,0.0010826827772407854,0.11800794695439985
302,0.9664,-0.0032878291141184655,0.001266371809778042,0.11782038213619676
303,0.9696,-0.0030995938171601237,0.001450060842315297,0.11763281731799366
304,0.9728,-0.002911358520201782,0.0016337498748525536,0.11744525249979057
305,0.976,-0.0027231232232434403,0.0018174389073898085,0.11725768768158747
306,0.9792000000000001,-0.0025348879262850985,0.002001127939927065,0.11707012286338438
307,0.9823999999999999,-0.002346652629326757,0.00218481697246432,0.11688255804518127
308,0.9856,-0.002158417332368415,0.0023685060050015767,0.11669499322697818
309,0.9888,-0.0019701820354100716,0.0025521950375388337,0.11650742840877508
310,0.992,-0.0017742636651437217,0.0027235346807836743,0.1163120981100983
311,0.9952,-0.0015783452948773717,0.002894874324028515,0.11611676781142151
312,0.9984000000000001,-0.0013824269246110218,0.003066213967273356,0.11592143751274474
313,1.0016,-0.001186508554344672,0.0032375536105181965,0.11572610721406795
314,1.0048,-0.0009905901840783218,0.003408893253763037,0.11553077691539117
315,1.008,-0.0007946718138119719,0.0035802328970078777,0.11533544661671438
316,1.0112,-0.0005987534435456219,0.0037515725402527183,0.1151401163180376
317,1.0144,-0.000402835073279272,0.003922912183497559,0.11494478601936081
318,1.0176,-0.0002069167030129221,0.0040942518267423995,0.11474945572068404
319,1.0208,-1.099833274657196e-05,0.004265591469987241,0.11455412542200726
320,1.024,0.00018492003751977796,0.004436931113232081,0.11435879512333047
321,1.0272000000000001,0.0003808384077861279,0.004608270756476922,0.11416346482465368
322,1.0304,0.0005767567780524778,0.004779610399721763,0.1139681345259769
323,1.0336,0.0007726751483188277,0.004950950042966603,0.11377280422730013
324,1.0368,0.0009685935185851776,0.005122289686211444,0.11357747392862334
325,1.04,0.0011645118888515276,0.0052936293294562845,0.11338214362994656
326,1.0432000000000001,0.0013604302591178775,0.005464968972701125,0.11318681333126977
327,1.0464,0.0015563486293842274,0.005636308615945966,0.11299148303259299
328,1.0496,0.0017522669996505773,0.005807648259190806,0.11279615273391622
329,1.0528,0.0019481853699169277,0.005978987902435647,0.11260082243523943
330,1.056,0.002144103740183277,0.0061503275456804875,0.11240549213656265
331,1.0592,0.0023400221104496275,0.006321667188925328,0.11221016183788586
332,1.0624,0.002535940480715977,0.006493006832170169,0.11201483153920908
333,1.0656,0.0027318588509823273,0.006664346475415009,0.11181950124053229
334,1.0688,0.002927777221248677,0.00683568611865985,0.11162417094185552
335,1.072,0.003123695591515027,0.0070070257619046904,0.11142884064317873
336,1.0752,0.0033196139617813775,0.007178365405149533,0.11123351034450195
337,1.0784,0.003515532332047727,0.007349705048394372,0.11103818004582516
338,1.0816000000000001,0.0037114507023140765,0.007521044691639212,0.11084284974714838
339,1.0848,0.003907369072580427,0.0076923843348840545,0.11064751944847159
340,1.088,0.004103287442846776,0.007863723978128893,0.11045218914979482
341,1.0912,0.004299205813113127,0.008035063621373736,0.11025685885111804
342,1.0944,0.004495124183379477,0.008206403264618576,0.11006152855244125
343,1.0976,0.0046910425536458265,0.008377742907863415,0.10986619825376447
344,1.1008,0.004886960923912177,0.008549082551108258,0.10967086795508768
345,1.104,0.005082879294178526,0.008720422194353098,0.10947553765641091
346,1.1072,0.005278797664444876,0.008891761837597939,0.10928020735773412
347,1.1104,0.005474716034711226,0.00906310148084278,0.10908487705905734
348,1.1136,0.0056706344049775766,0.00923444112408762,0.10888954676038055
349,1.1168,0.005866552775243927,0.00940578076733246,0.10869421646170377
350,1.12,0.0060624711455102755,0.009577120410577301,0.108498886163027
351,1.1232,0.006258389515776626,0.009748460053822142,0.10830355586435021
352,1.1264,0.006454307886042976,0.009919799697066982,0.10810822556567343
353,1.1296,0.006650226256309327,0.010091139340311823,0.10791289526699664
354,1.1328,0.006846144626575675,0.010262478983556663,0.10771756496831986
355,1.1360000000000001,0.0070420629968420256,0.010433818626801504,0.10752223466964309
356,1.1392,0.007237981367108376,0.010605158270046345,0.1073269043709663
357,1.1424,0.007433899737374726,0.010776497913291185,0.10713157407228951
358,1.1456000000000002,0.007629818107641077,0.010947837556536026,0.10693624377361273
359,1.1488000000000003,0.007834073406935142,0.011092921792327895,0.10673275576504095
360,1.1520000000000001,0.00803832870622921,0.011238006028119765,0.10652926775646918
361,1.1552000000000002,0.008242584005523277,0.011383090263911634,0.10632577974789739
362,1.1584,0.008446839304817343,0.011528174499703503,0.10612229173932561
363,1.1616000000000002,0.008651094604111408,0.011673258735495374,0.10591880373075384
364,1.1648000000000003,0.008855349903405476,0.011818342971287242,0.10571531572218205
365,1.1680000000000001,0.009059605202699541,0.011963427207079111,0.10551182771361028
366,1.1712000000000002,0.009263860501993609,0.012108511442870982,0.1053083397050385
367,1.1744,0.009468115801287674,0.01225359567866285,0.10510485169646672
368,1.1776000000000002,0.009672371100581742,0.01239867991445472,0.10490136368789495
369,1.1808,0.009876626399875809,0.012543764150246588,0.10469787567932316
370,1.1840000000000002,0.010080881699169875,0.012688848386038459,0.10449438767075138
371,1.1872000000000003,0.01028513699846394,0.012833932621830328,0.10429089966217961
372,1.1904000000000001,0.010489392297758008,0.012979016857622197,0.10408741165360783
373,1.1936000000000002,0.010693647597052075,0.013124101093414067,0.10388392364503604
374,1.1968,0.01089790289634614,0.013269185329205936,0.10368043563646427
375,1.2000000000000002,0.011102158195640206,0.013414269564997805,0.10347694762789249
376,1.2032000000000003,0.011306413494934274,0.013559353800789676,0.10327345961932072
377,1.2064000000000001,0.01151066879422834,0.013704438036581544,0.10306997161074893
378,1.2096000000000002,0.011714924093522407,0.013849522272373413,0.10286648360217715
379,1.2128,0.011919179392816472,0.013994606508165284,0.10266299559360538
380,1.2160000000000002,0.01212343469211054,0.014139690743957153,0.1024595075850336
381,1.2192000000000003,0.012327689991404607,0.014284774979749022,0.10225601957646181
382,1.2224000000000002,0.012531945290698673,0.01442985921554089,0.10205253156789004
383,1.2256000000000002,0.012736200589992738,0.014574943451332761,0.10184904355931826
384,1.2288000000000001,0.012940455889286806,0.01472002768712463,0.10164555555074647
385,1.2320000000000002,0.013144711188580871,0.014865111922916499,0.1014420675421747
386,1.2352,0.013348966487874939,0.01501019615870837,0.10123857953360292
387,1.2384000000000002,0.013553221787169004,0.015155280394500238,0.10103509152503115
388,1.2416000000000003,0.013757477086463072,0.015300364630292107,0.10083160351645937
389,1.2448000000000001,0.013961732385757139,0.015445448866083976,0.10062811550788758
390,1.2480000000000002,0.014165987685051205,0.015590533101875846,0.10042462749931581
391,1.2512,0.01437024298434527,0.015735617337667717,0.10022113949074403
392,1.2544000000000002,0.014574498283639338,0.015880701573459586,0.10001765148217225
393,1.2576000000000003,0.014778753582933405,0.016025785809251455,0.09981416347360048
394,1.2608000000000001,0.01498300888222747,0.016170870045043324,0.09961067546502869
395,1.2640000000000002,0.015187264181521536,0.016315954280835196,0.09940718745645691
396,1.2672,0.015391519480815602,0.01646103851662706,0.09920369944788514
397,1.2704000000000002,0.01559577478010967,0.016606122752418934,0.09900021143931335
398,1.2736,0.015800030079403737,0.016751206988210803,0.09879672343074158
399,1.2768000000000002,0.016004285378697802,0.01689629122400267,0.0985932354221698
400,1.2800000000000002,0.01620854067799187,0.01704137545979454,0.09838974741359802
401,1.2832000000000001,0.016412795977285934,0.01718645969558641,0.09818625940502625
402,1.2864000000000002,0.016617051276580003,0.017331543931378278,0.09798277139645446
403,1.2896,0.016821306575874072,0.017476628167170147,0.09777928338788268
404,1.2928000000000002,0.017025561875168134,0.01762171240296202,0.09757579537931091
405,1.2960000000000003,0.017229817174462203,0.017766796638753888,0.09737230737073913
406,1.2992000000000004,0.017447998205998985,0.01789536854492644,0.09716535495626985
407,1.3024000000000002,0.01766617923753577,0.018023940451098994,0.09695840254180059
408,1.3056000000000003,0.01788436026907255,0.018152512357271545,0.09675145012733131
409,1.3088000000000002,0.018102541300609332,0.018281084263444096,0.09654449771286204
410,1.3120000000000003,0.018320722332146117,0.01840965616961665,0.09633754529839278
411,1.3152000000000004,0.0185389033636829,0.0185382280757892,0.0961305928839235
412,1.3184000000000002,0.01875708439521968,0.018666799981961756,0.09592364046945424
413,1.3216000000000003,0.018975265426756465,0.018795371888134307,0.09571668805498497
414,1.3248000000000002,0.019193446458293247,0.01892394379430686,0.0955097356405157
415,1.3280000000000003,0.01941162748983003,0.019052515700479413,0.09530278322604643
416,1.3312000000000002,0.019629808521366813,0.019181087606651964,0.09509583081157716
417,1.3344000000000003,0.019847989552903594,0.019309659512824515,0.09488887839710788
418,1.3376000000000003,0.02006617058444038,0.01943823141899707,0.09468192598263862
419,1.3408000000000002,0.02028435161597716,0.01956680332516962,0.09447497356816935
420,1.3440000000000003,0.020502532647513942,0.019695375231342176,0.09426802115370007
421,1.3472000000000002,0.020720713679050727,0.019823947137514727,0.09406106873923081
422,1.3504000000000003,0.02093889471058751,0.019952519043687278,0.09385411632476154
423,1.3536000000000004,0.02115707574212429,0.020081090949859833,0.09364716391029226
424,1.3568000000000002,0.021375256773661075,0.020209662856032384,0.093440211495823
425,1.3600000000000003,0.021593437805197856,0.020338234762204935,0.09323325908135373
426,1.3632000000000002,0.021811618836734638,0.02046680666837749,0.09302630666688447
427,1.3664000000000003,0.022029799868271423,0.02059537857455004,0.09281935425241519
428,1.3696000000000002,0.022247980899808204,0.02072395048072259,0.09261240183794592
429,1.3728000000000002,0.022466161931344986,0.020852522386895146,0.09240544942347666
430,1.3760000000000003,0.02268434296288177,0.020981094293067697,0.09219849700900738
431,1.3792000000000002,0.022902523994418552,0.02110966619924025,0.09199154459453811
432,1.3824000000000003,0.023120705025955333,0.021238238105412803,0.09178459218006885
433,1.3856000000000002,0.02333888605749212,0.021366810011585354,0.09157763976559957
434,1.3888000000000003,0.0235570670890289,0.02149538191775791,0.0913706873511303
435,1.3920000000000003,0.02377524812056568,0.02162395382393046,0.09116373493666104
436,1.3952000000000002,0.023993429152102466,0.021752525730103014,0.09095678252219176
437,1.3984000000000003,0.024211610183639248,0.021881097636275566,0.0907498301077225
438,1.4016000000000002,0.02442979121517603,0.022009669542448117,0.09054287769325323
439,1.4048000000000003,0.024647972246712814,0.02213824144862067,0.09033592527878395
440,1.4080000000000004,0.024866153278249595,0.022266813354793222,0.09012897286431469
441,1.4112000000000002,0.025084334309786377,0.022395385260965774,0.08992202044984542
442,1.4144000000000003,0.025302515341323162,0.022523957167138328,0.08971506803537614
443,1.4176000000000002,0.025520696372859947,0.02265252907331088,0.08950811562090688
444,1.4208000000000003,0.025738877404396725,0.02278110097948343,0.0893011632064376
445,1.4240000000000004,0.02595705843593351,0.022909672885655985,0.08909421079196833
446,1.4272000000000002,0.026175239467470295,0.023038244791828536,0.08888725837749907
447,1.4304000000000003,0.026393420499007076,0.023166816698001087,0.0886803059630298
448,1.4336000000000002,0.026611601530543857,0.023295388604173642,0.08847335354856053
449,1.4368000000000003,0.02682978256208064,0.023423960510346193,0.08826640113409126
450,1.4400000000000004,0.027149772278827602,0.02345734027700645,0.088209813845113
451,1.4432000000000003,0.027469761995574566,0.023490720043666702,0.08815322655613475
452,1.4464000000000004,0.027789751712321533,0.023524099810326958,0.0880966392671565
453,1.4496000000000002,0.028109741429068497,0.02355747957698721,0.08804005197817824
454,1.4528000000000003,0.02842973114581546,0.023590859343647467,0.08798346468919999
455,1.4560000000000004,0.028749720862562424,0.02362423911030772,0.08792687740022173
456,1.4592000000000003,0.02906971057930939,0.023657618876967976,0.08787029011124348
457,1.4624000000000004,0.029389700296056354,0.023690998643628232,0.08781370282226522
458,1.4656000000000002,0.029709690012803318,0.023724378410288485,0.08775711553328697
459,1.4688000000000003,0.03002967972955028,0.02375775817694874,0.08770052824430871
460,1.4720000000000002,0.030349669446297245,0.023791137943608993,0.08764394095533046
461,1.4752000000000003,0.030669659163044212,0.02382451771026925,0.0875873536663522
462,1.4784000000000004,0.030989648879791176,0.023857897476929502,0.08753076637737395
463,1.4816000000000003,0.03130963859653814,0.02389127724358976,0.08747417908839569
464,1.4848000000000003,0.031629628313285106,0.02392465701025001,0.08741759179941744
465,1.4880000000000002,0.031949618030032066,0.023958036776910267,0.08736100451043918
466,1.4912000000000003,0.03226960774677903,0.023991416543570523,0.08730441722146093
467,1.4944000000000004,0.032589597463526,0.024024796310230776,0.08724782993248267
468,1.4976000000000003,0.03290958718027296,0.024058176076891032,0.08719124264350442
469,1.5008000000000004,0.03322957689701993,0.024091555843551285,0.08713465535452616
470,1.5040000000000002,0.03354956661376689,0.02412493561021154,0.08707806806554791
471,1.5072000000000003,0.033869556330513854,0.024158315376871794,0.08702148077656965
472,1.5104000000000002,0.03418954604726082,0.02419169514353205,0.0869648934875914
473,1.5136000000000003,0.03450953576400778,0.024225074910192306,0.08690830619861314
474,1.5168000000000004,0.03482952548075475,0.02425845467685256,0.08685171890963489
475,1.5200000000000002,0.035149515197501716,0.024291834443512815,0.08679513162065663
476,1.5232000000000003,0.035469504914248676,0.024325214210173068,0.08673854433167838
477,1.5264000000000002,0.035789494630995636,0.024358593976833324,0.08668195704270013
478,1.5296000000000003,0.0361094843477426,0.024391973743493577,0.08662536975372187
479,1.5328000000000004,0.03642947406448957,0.024425353510153833,0.08656878246474362
480,1.5360000000000005,0.036657323343620776,0.024211224215485907,0.08660503021628611
481,1.5392000000000003,0.03688517262275198,0.02399709492081798,0.08664127796782861
482,1.5424000000000004,0.037113021901883196,0.02378296562615006,0.08667752571937111
483,1.5456000000000003,0.0373408711810144,0.023568836331482133,0.08671377347091362
484,1.5488000000000004,0.03756872046014561,0.023354707036814207,0.08675002122245612
485,1.5520000000000005,0.037796569739276815,0.02314057774214628,0.08678626897399862
486,1.5552000000000004,0.03802441901840803,0.022926448447478355,0.08682251672554112
487,1.5584000000000005,0.038252268297539235,0.022712319152810433,0.08685876447708361
488,1.5616000000000003,0.03848011757667044,0.022498189858142507,0.08689501222862611
489,1.5648000000000004,0.03870796685580165,0.02228406056347458,0.08693125998016861
490,1.5680000000000003,0.03893581613493286,0.022069931268806655,0.08696750773171112
491,1.5712000000000004,0.03916366541406407,0.02185580197413873,0.08700375548325362
492,1.5744000000000005,0.039391514693195274,0.021641672679470807,0.08704000323479612
493,1.5776000000000003,0.03961936397232648,0.02142754338480288,0.08707625098633862
494,1.5808000000000004,0.039847213251457694,0.021213414090134955,0.08711249873788111
495,1.5840000000000003,0.0400750625305889,0.02099928479546703,0.08714874648942361
496,1.5872000000000004,0.04030291180972011,0.020785155500799107,0.08718499424096611
497,1.5904000000000005,0.040530761088851314,0.02057102620613118,0.08722124199250862
498,1.5936000000000003,0.04075861036798252,0.020356896911463255,0.08725748974405112
499,1.5968000000000004,0.040986459647113734,0.02014276761679533,0.08729373749559362
500,1.6000000000000003,0.04121430892624494,0.019928638322127403,0.08732998524713612
501,1.6032000000000004,0.041442158205376146,0.019714509027459477,0.08736623299867861
502,1.6064000000000003,0.04167000748450735,0.019500379732791555,0.08740248075022111
503,1.6096000000000004,0.041897856763638566,0.01928625043812363,0.08743872850176361
504,1.6128000000000005,0.04212570604276977,0.019072121143455703,0.08747497625330612
505,1.6160000000000003,0.04235355532190098,0.018857991848787777,0.08751122400484862
506,1.6192000000000004,0.042581404601032186,0.018643862554119855,0.08754747175639112
507,1.6224000000000003,0.0428092538801634,0.01842973325945193,0.08758371950793362
508,1.6256000000000004,0.043037103159294605,0.018215603964784003,0.08761996725947611
509,1.6288000000000005,0.04326495243842581,0.018001474670116077,0.08765621501101861
510,1.6320000000000003,0.04349280171755702,0.017787345375448155,0.08769246276256111
511,1.6352000000000004,0.04372065099668823,0.01757321608078023,0.08772871051410362
512,1.6384000000000003,0.04394850027581944,0.017359086786112303,0.08776495826564612
513,1.6416000000000004,0.044176349554950645,0.017144957491444377,0.08780120601718862
514,1.6448000000000005,0.04440419883408185,0.01693082819677645,0.08783745376873112
515,1.6480000000000004,0.04463204811321306,0.01671669890210853,0.08787370152027361
516,1.6512000000000004,0.04485989739234427,0.0165025696074406,0.08790994927181611
517,1.6544000000000003,0.04508774667147548,0.016288440312772677,0.08794619702335861
518,1.6576000000000004,0.045315595950606684,0.01607431101810475,0.08798244477490112
519,1.6608000000000005,0.04554344522973789,0.015860181723436825,0.08801869252644362
520,1.6640000000000004,0.045771294508869104,0.015646052428768903,0.08805494027798612
521,1.6672000000000005,0.04599914378800031,0.015431923134100975,0.08809118802952862
522,1.6704000000000006,0.04620951695122358,0.015204865949609136,0.08813990480027975
523,1.6736000000000004,0.046419890114446846,0.014977808765117298,0.08818862157103088
524,1.6768000000000005,0.04663026327767011,0.014750751580625459,0.08823733834178202
525,1.6800000000000004,0.046840636440893375,0.014523694396133621,0.08828605511253317
526,1.6832000000000005,0.04705100960411664,0.014296637211641781,0.0883347718832843
527,1.6864000000000006,0.04726138276733991,0.014069580027149944,0.08838348865403543
528,1.6896000000000004,0.04747175593056317,0.013842522842658104,0.08843220542478657
529,1.6928000000000005,0.04768212909378644,0.013615465658166265,0.0884809221955377
530,1.6960000000000004,0.04789250225700971,0.013388408473674427,0.08852963896628883
531,1.6992000000000005,0.04810287542023298,0.013161351289182588,0.08857835573703997
532,1.7024000000000004,0.048313248583456245,0.012934294104690748,0.08862707250779112
533,1.7056000000000004,0.04852362174667951,0.01270723692019891,0.08867578927854225
534,1.7088000000000005,0.048733994909902774,0.012480179735707071,0.08872450604929338
535,1.7120000000000004,0.04894436807312604,0.012253122551215233,0.08877322282004452
536,1.7152000000000005,0.04915474123634931,0.012026065366723394,0.08882193959079565
537,1.7184000000000004,0.04936511439957258,0.011799008182231556,0.08887065636154678
538,1.7216000000000005,0.04957548756279584,0.011571950997739716,0.08891937313229792
539,1.7248000000000006,0.04978586072601911,0.011344893813247877,0.08896808990304907
540,1.7280000000000004,0.049996233889242375,0.01111783662875604,0.0890168066738002
541,1.7312000000000005,0.05020660705246564,0.010890779444264202,0.08906552344455133
542,1.7344000000000004,0.05041698021568891,0.010663722259772362,0.08911424021530247
543,1.7376000000000005,0.05062735337891217,0.010436665075280523,0.0891629569860536
544,1.7408000000000006,0.05083772654213544,0.010209607890788685,0.08921167375680474
545,1.7440000000000004,0.05104809970535871,0.009982550706296845,0.08926039052755587
546,1.7472000000000005,0.05125847286858198,0.009755493521805006,0.08930910729830702
547,1.7504000000000004,0.05146884603180524,0.009528436337313168,0.08935782406905815
548,1.7536000000000005,0.051679219195028506,0.00930137915282133,0.08940654083980928
549,1.7568000000000004,0.051889592358251774,0.009074321968329491,0.08945525761056042
550,1.7600000000000005,0.05209996552147504,0.008847264783837652,0.08950397438131155
551,1.7632000000000005,0.05231033868469831,0.008620207599345814,0.08955269115206269
552,1.7664000000000004,0.05252071184792157,0.008393150414853974,0.08960140792281382
553,1.7696000000000005,0.05273108501114484,0.008166093230362135,0.08965012469356497
554,1.7728000000000004,0.05294145817436811,0.007939036045870297,0.0896988414643161
555,1.7760000000000005,0.053151831337591375,0.007711978861378458,0.08974755823506723
556,1.7792000000000006,0.05336220450081464,0.007484921676886618,0.08979627500581837
557,1.7824000000000004,0.053572577664037904,0.0072578644923947805,0.0898449917765695
558,1.7856000000000005,0.05378295082726117,0.007030807307902941,0.08989370854732064
559,1.7888000000000004,0.05399332399048444,0.006803750123411103,0.08994242531807177
560,1.7920000000000005,0.05420369715370771,0.0065766929389192656,0.08999114208882292
561,1.7952000000000004,0.054414070316930976,0.006349635754427426,0.09003985885957405
562,1.7984000000000004,0.05462444348015424,0.006122578569935587,0.09008857563032519
563,1.8016000000000005,0.054834816643377506,0.005895521385443749,0.09013729240107632
564,1.8048000000000006,0.05496184403929288,0.005614435299254417,0.09019150330283354
565,1.8080000000000005,0.055088479173563625,0.005334217209213895,0.09024554680087972
566,1.8112000000000006,0.055214329784545144,0.00505573511147099,0.09029925549150383
567,1.8144000000000005,0.05533900361059281,0.0047798570021745125,0.09035246197099484
568,1.8176000000000005,0.055462108390062,0.004507450877473272,0.0904049988356417
569,1.8208000000000006,0.05558325186130811,0.004239384733516076,0.09045669868173338
570,1.8240000000000005,0.055702041762686505,0.003976526566451734,0.09050739410555884
571,1.8272000000000006,0.05581808583255258,0.003719744372429056,0.09055691770340704
572,1.8304000000000005,0.05593099180926171,0.00346990614759685,0.09060510207156697
573,1.8336000000000006,0.05604036743116928,0.0032278798881039254,0.09065177980632756
574,1.8368000000000004,0.056145820436630675,0.0029945335900990917,0.09069678350397778
575,1.8400000000000005,0.05624695856400128,0.002770735249731157,0.09073994576080661
576,1.8432000000000006,0.056343389551636466,0.0025573528631489314,0.09078109917310302
577,1.8464000000000005,0.05643472113789163,0.002355254426501224,0.09082007633715594
578,1.8496000000000006,0.05652056106112214,0.0021653079359368423,0.09085670984925437
579,1.8528000000000004,0.05660051705968338,0.001988381387604596,0.09089083230568724
580,1.8560000000000005,0.05667419687193074,0.0018253427776532957,0.09092227630274353
581,1.8592000000000006,0.0567412082362196,0.0016770601022317484,0.09095087443671222
582,1.8624000000000005,0.05680128964478688,0.0015441120254391623,0.09097651510511927
583,1.8656000000000006,0.056854702605395664,0.0014259198831763275,0.0909993099104387
584,1.8688000000000005,0.05690183937969056,0.0013216156792944392,0.09101942625638154
585,1.8720000000000006,0.056943092229316185,0.0012303314176446865,0.09103703154665885
586,1.8752000000000004,0.056978853415917165,0.0011511991020782637,0.09105229318498165
587,1.8784000000000005,0.05700951520113812,0.001083350736446353,0.09106537857506097
588,1.8816000000000006,0.05703546984662366,0.0010259183246001547,0.09107645512060787
589,1.8848000000000005,0.0570571096140184,0.0009780338703908537,0.09108569022533337
590,1.8880000000000006,0.05707482676496697,0.0009388293776696442,0.09109325129294851
591,1.8912000000000004,0.057089013561113976,0.0009074368502877172,0.09109930572716432
592,1.8944000000000005,0.057100062264104044,0.0008829882920962625,0.09110402093169183
593,1.8976000000000006,0.05710836513558178,0.0008646157069464719,0.0911075643102421
594,1.9008000000000005,0.05711431443719182,0.0008514510986895362,0.09111010326652615
595,1.9040000000000006,0.05711830243057877,0.0008426264711766385,0.09111180520425502
596,1.9072000000000005,0.057120721377387246,0.0008372738282589852,0.09111283752713974
597,1.9104000000000005,0.05712196353926187,0.0008345251737877568,0.09111336763889136
598,1.9136000000000006,0.05712242117784725,0.0008335125116141475,0.0911135629432209
599,1.9168000000000005,0.05712248655478802,0.0008333678455893457,0.09111359084383941
600,1.9200000000000006,0.05712255193172879,0.0008332231795645404,0.0911136187444579
Agent ID,1
Number of,601
0,0.0,-0.05085519281967471,0.03084430601026157,0.0865312764175938
1,0.0032,-0.050855164234557985,0.030844320890761445,0.08653124076885141
2,0.0064,-0.05085496413874091,0.03084442505426057,0.08653099122765469
3,0.009600000000000001,-0.050854421021523134,0.03084470778375819,0.08653031390154928
4,0.0128,-0.050853363372204315,0.030845258362253557,0.08652899489808087
5,0.016,-0.05085161968008409,0.030846166072745918,0.08652682032479511
6,0.019200000000000002,-0.050849018434462115,0.030847520198234526,0.08652357628923768
7,0.0224,-0.05084538812463804,0.03084941002171862,0.08651904889895422
8,0.0256,-0.05084055723991152,0.03085192482619746,0.0865130242614904
9,0.028800000000000003,-0.0508343542695822,0.03085515389467029,0.0865052884843919
10,0.032,-0.05082660770294973,0.030859186510136354,0.08649562767520436
11,0.0352,-0.05081714602931377,0.030864111955594905,0.08648382794147345
12,0.038400000000000004,-0.050805797737973946,0.030870019514045194,0.08646967539074485
13,0.041600000000000005,-0.050792391318229935,0.030876998468486468,0.0864529561305642
14,0.0448,-0.05077675525938137,0.030885138101917974,0.08643345626847718
15,0.048,-0.05075871805072791,0.030894527697338962,0.08641096191202945
16,0.0512,-0.0507381081815692,0.03090525653774868,0.08638525916876666
17,0.054400000000000004,-0.050714754141204896,0.030917413906146378,0.08635613414623448
18,0.057600000000000005,-0.050688484418934636,0.030931089085531303,0.08632337295197859
19,0.0608,-0.050659127504058085,0.030946371358902703,0.08628676169354463
20,0.064,-0.050626511885874886,0.03096335000925983,0.08624608647847828
21,0.06720000000000001,-0.05059046605368469,0.03098211431960193,0.0862011334143252
22,0.0704,-0.050550818496787144,0.031002753572928254,0.08615168860863105
23,0.0736,-0.0505073977044819,0.031025357052238047,0.08609753816894149
24,0.07680000000000001,-0.05046003216606861,0.031050014040530562,0.08603846820280218
25,0.08,-0.050408550370846926,0.031076813820805047,0.08597426481775881
26,0.08320000000000001,-0.0503527808081165,0.031105845676060746,0.08590471412135701
27,0.0864,-0.05029255196717697,0.031137198889296912,0.08582960222114247
28,0.0896,-0.05022769233732799,0.031170962743512793,0.08574871522466083
29,0.09280000000000001,-0.05015803040786922,0.03120722652170764,0.08566183923945776
30,0.096,-0.0500833946681003,0.031246079506880697,0.08556876037307894
31,0.09920000000000001,-0.05000361360732088,0.031287610982031214,0.08546926473307001
32,0.1024,-0.04991851571483062,0.03133191023015844,0.08536313842697665
33,0.1056,-0.04982798665016262,0.03137903677326188,0.0852502388598293
34,0.10880000000000001,-0.049732140753783766,0.03142893108934202,0.08513070862659751
35,0.112,-0.04963114953639442,0.03148150389539963,0.08500476161973562
36,0.11520000000000001,-0.049525184508694926,0.03153666590843544,0.08487261173169797
37,0.1184,-0.04941441718138564,0.03159432784545023,0.08473447285493889
38,0.1216,-0.0492990190651669,0.03165440042344472,0.08459055888191273
39,0.12480000000000001,-0.04917916167073907,0.03171679435941969,0.0844410837050738
40,0.128,-0.049055016508802486,0.03178142037037587,0.08428626121687648
41,0.1312,-0.048926755090057505,0.031848189173314015,0.08412630530977507
42,0.13440000000000002,-0.04879454892520448,0.03191701148523488,0.0839614298762239
43,0.1376,-0.04865856952494376,0.031987798023139224,0.08379184880867734
44,0.1408,-0.04851898839997569,0.032060459504027784,0.08361777599958971
45,0.14400000000000002,-0.04837597706100063,0.032134906644901325,0.08343942534141535
46,0.1472,-0.04822970701871891,0.03221105016276059,0.08325701072660859
47,0.1504,-0.048080349783830904,0.03228880077460632,0.08307074604762377
48,0.15360000000000001,-0.04792807686703694,0.032368069197439286,0.08288084519691523
49,0.1568,-0.04777305977903739,0.032448766148260234,0.08268752206693729
50,0.16,-0.04761547003053258,0.03253080234406991,0.08249099055014432
51,0.1632,-0.04745547913222288,0.03261408850186907,0.08229146453899062
52,0.16640000000000002,-0.04729325859480863,0.032698535338658456,0.08208915792593056
53,0.1696,-0.04712897992899018,0.03278405357143883,0.08188428460341846
54,0.1728,-0.04696281464546788,0.03287055391721094,0.08167705846390864
55,0.17600000000000002,-0.046794934254942085,0.03295794709297554,0.08146769339985546
56,0.1792,-0.04662551026811314,0.03304614381573337,0.08125640330371325
57,0.1824,-0.046454714195681396,0.0331350548024852,0.08104340206793635
58,0.18560000000000001,-0.0462827175483472,0.033224590770231766,0.0808289035849791
59,0.1888,-0.04610969183681091,0.03331466243597382,0.08061312174729583
60,0.192,-0.04593580857177287,0.033405180516712124,0.08039627044734088
61,0.1952,-0.045761239263933426,0.033496055729447416,0.08017856357756856
62,0.19840000000000002,-0.04558615542399293,0.03358719879118046,0.07996021503043324
63,0.2016,-0.04541072856265174,0.033678520418912,0.07974143869838926
64,0.2048,-0.0452351301906102,0.03376993132964279,0.07952244847389094
65,0.20800000000000002,-0.045108147878245214,0.03384122412598321,0.07947845716790371
66,0.2112,-0.044981165565880235,0.03391251692232364,0.07943446586191648
67,0.2144,-0.04485418325351525,0.03398380971866407,0.07939047455592924
68,0.21760000000000002,-0.044727200941150264,0.034055102515004494,0.07934648324994201
69,0.2208,-0.044600218628785285,0.03412639531134492,0.07930249194395478
70,0.224,-0.0444732363164203,0.034197688107685344,0.07925850063796755
71,0.2272,-0.04434625400405531,0.034268980904025775,0.07921450933198032
72,0.23040000000000002,-0.044219271691690334,0.0343402737003662,0.07917051802599308
73,0.2336,-0.04409228937932535,0.034411566496706625,0.07912652672000585
74,0.2368,-0.04396530706696036,0.03448285929304705,0.07908253541401862
75,0.24000000000000002,-0.043838324754595384,0.03455415208938748,0.07903854410803139
76,0.24320000000000003,-0.0437113424422304,0.034625444885727906,0.07899455280204415
77,0.2464,-0.04358436012986541,0.03469673768206833,0.07895056149605692
78,0.24960000000000002,-0.043457377817500434,0.034768030478408755,0.07890657019006969
79,0.2528,-0.04333039550513545,0.03483932327474918,0.07886257888408246
80,0.256,-0.04320341319277047,0.03491061607108961,0.07881858757809523
81,0.2592,-0.043076430880405484,0.03498190886743004,0.07877459627210799
82,0.2624,-0.0429494485680405,0.03505320166377046,0.07873060496612076
83,0.2656,-0.04282246625567552,0.035124494460110886,0.07868661366013353
84,0.26880000000000004,-0.04269548394331053,0.03519578725645132,0.0786426223541463
85,0.272,-0.04256850163094555,0.03526708005279174,0.07859863104815908
86,0.2752,-0.04244151931858057,0.03533837284913217,0.07855463974217183
87,0.2784,-0.04231453700621558,0.03540966564547259,0.0785106484361846
88,0.2816,-0.0421875546938506,0.035480958441813024,0.07846665713019738
89,0.2848,-0.04206057238148562,0.03555225123815345,0.07842266582421015
90,0.28800000000000003,-0.04193359006912063,0.03562354403449387,0.07837867451822292
91,0.2912,-0.04180660775675565,0.0356948368308343,0.07833468321223568
92,0.2944,-0.04167962544439067,0.03576612962717472,0.07829069190624845
93,0.29760000000000003,-0.04155264313202568,0.035837422423515154,0.07824670060026122
94,0.3008,-0.041425660819660697,0.03590871521985558,0.07820270929427399
95,0.30400000000000005,-0.04129867850729572,0.035980008016196004,0.07815871798828675
96,0.30720000000000003,-0.04117169619493073,0.03605130081253643,0.07811472668229952
97,0.3104,-0.04104471388256575,0.03612259360887686,0.07807073537631229
98,0.3136,-0.04091773157020077,0.036193886405217285,0.07802674407032506
99,0.3168,-0.04079074925783578,0.03626517920155771,0.07798275276433783
100,0.32,-0.0406637669454708,0.036336471997898134,0.07793876145835059
101,0.32320000000000004,-0.04053678463310582,0.036407764794238566,0.07789477015236336
102,0.3264,-0.04040980232074083,0.03647905759057899,0.07785077884637613
103,0.3296,-0.04028282000837585,0.036550350386919415,0.0778067875403889
104,0.3328,-0.04015583769601087,0.03662164318325984,0.07776279623440167
105,0.336,-0.04002885538364588,0.036692935979600265,0.07771880492841443
106,0.33920000000000006,-0.0399018730712809,0.0367642287759407,0.0776748136224272
107,0.34240000000000004,-0.039774890758915916,0.03683552157228112,0.07763082231643997
108,0.3456,-0.03964790844655093,0.036906814368621546,0.07758683101045274
109,0.3488,-0.03952092613418595,0.03697810716496197,0.07754283970446552
110,0.352,-0.039393943821820966,0.0370493999613024,0.07749884839847827
111,0.3552,-0.03926696150945598,0.03712069275764283,0.07745485709249104
112,0.35840000000000005,-0.039139979197091,0.03719198555398325,0.07741086578650382
113,0.36160000000000003,-0.039012996884726016,0.03726327835032368,0.07736687448051659
114,0.3648,-0.03888601457236103,0.03733457114666411,0.07732288317452934
115,0.368,-0.03875903225999605,0.03740586394300453,0.07727889186854212
116,0.3712,-0.038632049947631066,0.03747715673934496,0.07723490056255489
117,0.37439999999999996,-0.038632049947631066,0.03747715673934496,0.07723490056255489
118,0.3776,-0.038632049947631066,0.03747715673934496,0.07723490056255489
119,0.38079999999999997,-0.038632049947631066,0.03747715673934496,0.07723490056255489
120,0.38399999999999995,-0.038632049947631066,0.03747715673934496,0.07723490056255489
121,0.3872,-0.038632049947631066,0.03747715673934496,0.07723490056255489
122,0.39039999999999997,-0.038632049947631066,0.03747715673934496,0.07723490056255489
123,0.39359999999999995,-0.038632049947631066,0.03747715673934496,0.07723490056255489
124,0.3968,-0.038632049947631066,0.03747715673934496,0.07723490056255489
125,0.39999999999999997,-0.038632049947631066,0.03747715673934496,0.07723490056255489
126,0.4032,-0.038632049947631066,0.03747715673934496,0.07723490056255489
127,0.4064,-0.038632049947631066,0.03747715673934496,0.07723490056255489
128,0.40959999999999996,-0.038632049947631066,0.03747715673934496,0.07723490056255489
129,0.4128,-0.038632049947631066,0.03747715673934496,0.07723490056255489
130,0.416,-0.038632049947631066,0.03747715673934496,0.07723490056255489
131,0.41919999999999996,-0.038632049947631066,0.03747715673934496,0.07723490056255489
132,0.4224,-0.038632049947631066,0.03747715673934496,0.07723490056255489
133,0.4256,-0.038632049947631066,0.03747715673934496,0.07723490056255489
134,0.42879999999999996,-0.038632049947631066,0.03747715673934496,0.07723490056255489
135,0.432,-0.038632049947631066,0.03747715673934496,0.07723490056255489
136,0.4352,-0.038632049947631066,0.03747715673934496,0.07723490056255489
137,0.4384,-0.038632049947631066,0.03747715673934496,0.07723490056255489
138,0.4416,-0.038632049947631066,0.03747715673934496,0.07723490056255489
139,0.4448,-0.038632049947631066,0.03747715673934496,0.07723490056255489
140,0.44799999999999995,-0.038632049947631066,0.03747715673934496,0.07723490056255489
141,0.4512,-0.038632049947631066,0.03747715673934496,0.07723490056255489
142,0.45439999999999997,-0.038632049947631066,0.03747715673934496,0.07723490056255489
143,0.4576,-0.038632049947631066,0.03747715673934496,0.07723490056255489
144,0.4608,-0.038632049947631066,0.03747715673934496,0.07723490056255489
145,0.46399999999999997,-0.038632049947631066,0.03747715673934496,0.07723490056255489
146,0.46719999999999995,-0.038632049947631066,0.03747715673934496,0.07723490056255489
147,0.4704,-0.038632049947631066,0.03747715673934496,0.07723490056255489
148,0.47359999999999997,-0.038632049947631066,0.03747715673934496,0.07723490056255489
149,0.4768,-0.038632049947631066,0.03747715673934496,0.07723490056255489
150,0.48,-0.038632049947631066,0.03747715673934496,0.07723490056255489
151,0.48319999999999996,-0.038632049947631066,0.03747715673934496,0.07723490056255489
152,0.4864,-0.038632049947631066,0.03747715673934496,0.07723490056255489
153,0.4896,-0.038632049947631066,0.03747715673934496,0.07723490056255489
154,0.49279999999999996,-0.038632049947631066,0.03747715673934496,0.07723490056255489
155,0.496,-0.038632049947631066,0.03747715673934496,0.07723490056255489
156,0.4992,-0.038632049947631066,0.03747715673934496,0.07723490056255489
157,0.5024,-0.038632049947631066,0.03747715673934496,0.07723490056255489
158,0.5056,-0.038632049947631066,0.03747715673934496,0.07723490056255489
159,0.5087999999999999,-0.038632049947631066,0.03747715673934496,0.07723490056255489
160,0.512,-0.038632049947631066,0.03747715673934496,0.07723490056255489
161,0.5152,-0.038632049947631066,0.03747715673934496,0.07723490056255489
162,0.5184,-0.038632049947631066,0.03747715673934496,0.07723490056255489
163,0.5216,-0.038632049947631066,0.03747715673934496,0.07723490056255489
164,0.5247999999999999,-0.038632049947631066,0.03747715673934496,0.07723490056255489
165,0.5279999999999999,-0.038632049947631066,0.03747715673934496,0.07723490056255489
166,0.5311999999999999,-0.038632049947631066,0.03747715673934496,0.07723490056255489
167,0.5344,-0.038632049947631066,0.03747715673934496,0.07723490056255489
168,0.5376,-0.038632049947631066,0.03747715673934496,0.07723490056255489
169,0.5408,-0.038632049947631066,0.03747715673934496,0.07723490056255489
170,0.5439999999999999,-0.038632049947631066,0.03747715673934496,0.07723490056255489
171,0.5471999999999999,-0.038632049947631066,0.03747715673934496,0.07723490056255489
172,0.5503999999999999,-0.038632049947631066,0.03747715673934496,0.07723490056255489
173,0.5536,-0.038632049947631066,0.03747715673934496,0.07723490056255489
174,0.5568,-0.038632049947631066,0.03747715673934496,0.07723490056255489
175,0.5599999999999999,-0.038632049947631066,0.03747715673934496,0.07723490056255489
176,0.5631999999999999,-0.038632049947631066,0.03747715673934496,0.07723490056255489
177,0.5663999999999999,-0.038632049947631066,0.03747715673934496,0.07723490056255489
178,0.5695999999999999,-0.038632049947631066,0.03747715673934496,0.07723490056255489
179,0.5728,-0.038632049947631066,0.03747715673934496,0.07723490056255489
180,0.576,-0.038632049947631066,0.03747715673934496,0.07723490056255489
181,0.5791999999999999,-0.038632049947631066,0.03747715673934496,0.07723490056255489
182,0.5823999999999999,-0.038632049947631066,0.03747715673934496,0.07723490056255489
183,0.5855999999999999,-0.038632049947631066,0.03747715673934496,0.07723490056255489
184,0.5888,-0.038632049947631066,0.03747715673934496,0.07723490056255489
185,0.592,-0.038632049947631066,0.03747715673934496,0.07723490056255489
186,0.5952,-0.038632049947631066,0.03747715673934496,0.07723490056255489
187,0.5983999999999999,-0.038632049947631066,0.03747715673934496,0.07723490056255489
188,0.6015999999999999,-0.038632049947631066,0.03747715673934496,0.07723490056255489
189,0.6047999999999999,-0.038632049947631066,0.03747715673934496,0.07723490056255489
190,0.608,-0.038632049947631066,0.03747715673934496,0.07723490056255489
191,0.6112,-0.038632049947631066,0.03747715673934496,0.07723490056255489
192,0.6144,-0.038632049947631066,0.03747715673934496,0.07723490056255489
193,0.6175999999999999,-0.038632049947631066,0.03747715673934496,0.07723490056255489
194,0.6207999999999999,-0.038632049947631066,0.03747715673934496,0.07723490056255489
195,0.6239999999999999,-0.038632049947631066,0.03747715673934496,0.07723490056255489
196,0.6272,-0.038632049947631066,0.03747715673934496,0.07723490056255489
197,0.6304,-0.038632049947631066,0.03747715673934496,0.07723490056255489
198,0.6335999999999999,-0.038632049947631066,0.03747715673934496,0.07723490056255489
199,0.6367999999999999,-0.038632049947631066,0.03747715673934496,0.07723490056255489
200,0.6399999999999999,-0.038632049947631066,0.03747715673934496,0.07723490056255489
201,0.6432,-0.038632049947631066,0.03747715673934496,0.07723490056255489
202,0.6464,-0.038632049947631066,0.03747715673934496,0.07723490056255489
203,0.6496,-0.038632049947631066,0.03747715673934496,0.07723490056255489
204,0.6527999999999999,-0.038632049947631066,0.03747715673934496,0.07723490056255489
205,0.6559999999999999,-0.038632049947631066,0.03747715673934496,0.07723490056255489
206,0.6592,-0.038632049947631066,0.03747715673934496,0.07723490056255489
207,0.6624,-0.038632049947631066,0.03747715673934496,0.07723490056255489
208,0.6656,-0.038632049947631066,0.03747715673934496,0.07723490056255489
209,0.6688,-0.038632049947631066,0.03747715673934496,0.07723490056255489
210,0.672,-0.038632049947631066,0.03747715673934496,0.07723490056255489
211,0.6752,-0.038632049947631066,0.03747715673934496,0.07723490056255489
212,0.6784,-0.038632049947631066,0.03747715673934496,0.07723490056255489
213,0.6816,-0.038632049947631066,0.03747715673934496,0.07723490056255489
214,0.6848,-0.038632049947631066,0.03747715673934496,0.07723490056255489
215,0.688,-0.038632049947631066,0.03747715673934496,0.07723490056255489
216,0.6912,-0.038632049947631066,0.03747715673934496,0.07723490056255489
217,0.6944,-0.038632049947631066,0.03747715673934496,0.07723490056255489
218,0.6976,-0.038632049947631066,0.03747715673934496,0.07723490056255489
219,0.7008,-0.038632049947631066,0.03747715673934496,0.07723490056255489
220,0.704,-0.038632049947631066,0.03747715673934496,0.07723490056255489
221,0.7071999999999999,-0.038632049947631066,0.03747715673934496,0.07723490056255489
222,0.7104,-0.038632049947631066,0.03747715673934496,0.07723490056255489
223,0.7136,-0.038632049947631066,0.03747715673934496,0.07723490056255489
224,0.7168,-0.038632049947631066,0.03747715673934496,0.07723490056255489
225,0.72,-0.038632049947631066,0.03747715673934496,0.07723490056255489
226,0.7232,-0.038632049947631066,0.03747715673934496,0.07723490056255489
227,0.7263999999999999,-0.038632049947631066,0.03747715673934496,0.07723490056255489
228,0.7296,-0.038632049947631066,0.03747715673934496,0.07723490056255489
229,0.7328,-0.038632049947631066,0.03747715673934496,0.07723490056255489
230,0.736,-0.038632049947631066,0.03747715673934496,0.07723490056255489
231,0.7392,-0.038632049947631066,0.03747715673934496,0.07723490056255489
232,0.7424,-0.038632049947631066,0.03747715673934496,0.07723490056255489
233,0.7456,-0.038632049947631066,0.03747715673934496,0.07723490056255489
234,0.7488,-0.038632049947631066,0.03747715673934496,0.07723490056255489
235,0.752,-0.038632049947631066,0.03747715673934496,0.07723490056255489
236,0.7552,-0.038632049947631066,0.03747715673934496,0.07723490056255489
237,0.7584,-0.038632049947631066,0.03747715673934496,0.07723490056255489
238,0.7616,-0.038632049947631066,0.03747715673934496,0.07723490056255489
239,0.7648,-0.038632049947631066,0.03747715673934496,0.07723490056255489
240,0.768,-0.038632049947631066,0.03747715673934496,0.07723490056255489
241,0.7712,-0.038632049947631066,0.03747715673934496,0.07723490056255489
242,0.7744,-0.038632049947631066,0.03747715673934496,0.07723490056255489
243,0.7776,-0.038632049947631066,0.03747715673934496,0.07723490056255489
244,0.7807999999999999,-0.038632049947631066,0.03747715673934496,0.07723490056255489
245,0.784,-0.038632049947631066,0.03747715673934496,0.07723490056255489
246,0.7872,-0.038632049947631066,0.03747715673934496,0.07723490056255489
247,0.7904,-0.038632049947631066,0.03747715673934496,0.07723490056255489
248,0.7936,-0.038632049947631066,0.03747715673934496,0.07723490056255489
249,0.7968,-0.038632049947631066,0.03747715673934496,0.07723490056255489
250,0.8,-0.038632049947631066,0.03747715673934496,0.07723490056255489
251,0.8032,-0.038632049947631066,0.03747715673934496,0.07723490056255489
252,0.8064,-0.038632049947631066,0.03747715673934496,0.07723490056255489
253,0.8096,-0.038632049947631066,0.03747715673934496,0.07723490056255489
254,0.8128,-0.038632049947631066,0.03747715673934496,0.07723490056255489
255,0.8160000000000001,-0.038632049947631066,0.03747715673934496,0.07723490056255489
256,0.8191999999999999,-0.038632049947631066,0.03747715673934496,0.07723490056255489
257,0.8224,-0.038632049947631066,0.03747715673934496,0.07723490056255489
258,0.8256,-0.038632049947631066,0.03747715673934496,0.07723490056255489
259,0.8288,-0.038632049947631066,0.03747715673934496,0.07723490056255489
260,0.832,-0.038632049947631066,0.03747715673934496,0.07723490056255489
261,0.8352,-0.038632049947631066,0.03747715673934496,0.07723490056255489
262,0.8384,-0.038632049947631066,0.03747715673934496,0.07723490056255489
263,0.8416,-0.038632049947631066,0.03747715673934496,0.07723490056255489
264,0.8448,-0.038632049947631066,0.03747715673934496,0.07723490056255489
265,0.848,-0.038632049947631066,0.03747715673934496,0.07723490056255489
266,0.8512,-0.038632049947631066,0.03747715673934496,0.07723490056255489
267,0.8544,-0.038632049947631066,0.03747715673934496,0.07723490056255489
268,0.8576,-0.038632049947631066,0.03747715673934496,0.07723490056255489
269,0.8608,-0.038632049947631066,0.03747715673934496,0.07723490056255489
270,0.864,-0.038632049947631066,0.03747715673934496,0.07723490056255489
271,0.8672,-0.038632049947631066,0.03747715673934496,0.07723490056255489
272,0.8704,-0.038632049947631066,0.03747715673934496,0.07723490056255489
273,0.8736,-0.038632049947631066,0.03747715673934496,0.07723490056255489
274,0.8768,-0.038632049947631066,0.03747715673934496,0.07723490056255489
275,0.88,-0.038632049947631066,0.03747715673934496,0.07723490056255489
276,0.8832,-0.038632049947631066,0.03747715673934496,0.07723490056255489
277,0.8864,-0.038632049947631066,0.03747715673934496,0.07723490056255489
278,0.8896,-0.038632049947631066,0.03747715673934496,0.07723490056255489
279,0.8928,-0.038632049947631066,0.03747715673934496,0.07723490056255489
280,0.896,-0.038632049947631066,0.03747715673934496,0.07723490056255489
281,0.8992,-0.038632049947631066,0.03747715673934496,0.07723490056255489
282,0.9024,-0.038632049947631066,0.03747715673934496,0.07723490056255489
283,0.9056,-0.038632049947631066,0.03747715673934496,0.07723490056255489
284,0.9088,-0.038632049947631066,0.03747715673934496,0.07723490056255489
285,0.912,-0.038632049947631066,0.03747715673934496,0.07723490056255489
286,0.9152,-0.038632049947631066,0.03747715673934496,0.07723490056255489
287,0.9184,-0.038632049947631066,0.03747715673934496,0.07723490056255489
288,0.9216,-0.038632049947631066,0.03747715673934496,0.07723490056255489
289,0.9248000000000001,-0.038632049947631066,0.03747715673934496,0.07723490056255489
290,0.928,-0.038632049947631066,0.03747715673934496,0.07723490056255489
291,0.9312,-0.038632049947631066,0.03747715673934496,0.07723490056255489
292,0.9344,-0.038632049947631066,0.03747715673934496,0.07723490056255489
293,0.9376,-0.038632049947631066,0.03747715673934496,0.07723490056255489
294,0.9408,-0.038632049947631066,0.03747715673934496,0.07723490056255489
295,0.944,-0.038632049947631066,0.03747715673934496,0.07723490056255489
296,0.9472,-0.038632049947631066,0.03747715673934496,0.07723490056255489
297,0.9504,-0.038632049947631066,0.03747715673934496,0.07723490056255489
298,0.9536,-0.038632049947631066,0.03747715673934496,0.07723490056255489
299,0.9568,-0.038632049947631066,0.03747715673934496,0.07723490056255489
300,0.96,-0.038632049947631066,0.03747715673934496,0.07723490056255489
301,0.9632000000000001,-0.038632049947631066,0.03747715673934496,0.07723490056255489
302,0.9664,-0.038632049947631066,0.03747715673934496,0.07723490056255489
303,0.9696,-0.038632049947631066,0.03747715673934496,0.07723490056255489
304,0.9728,-0.038632049947631066,0.03747715673934496,0.07723490056255489
305,0.976,-0.038632049947631066,0.03747715673934496,0.07723490056255489
306,0.9792000000000001,-0.038632049947631066,0.03747715673934496,0.07723490056255489
307,0.9823999999999999,-0.038632049947631066,0.03747715673934496,0.07723490056255489
308,0.9856,-0.038632049947631066,0.03747715673934496,0.07723490056255489
309,0.9888,-0.038632049947631066,0.03747715673934496,0.07723490056255489
310,0.992,-0.038632049947631066,0.03747715673934496,0.07723490056255489
311,0.9952,-0.038632049947631066,0.03747715673934496,0.07723490056255489
312,0.9984000000000001,-0.038632049947631066,0.03747715673934496,0.07723490056255489
313,1.0016,-0.038632049947631066,0.03747715673934496,0.07723490056255489
314,1.0048,-0.038632049947631066,0.03747715673934496,0.07723490056255489
315,1.008,-0.038632049947631066,0.03747715673934496,0.07723490056255489
316,1.0112,-0.038632049947631066,0.03747715673934496,0.07723490056255489
317,1.0144,-0.038632049947631066,0.03747715673934496,0.07723490056255489
318,1.0176,-0.038632049947631066,0.03747715673934496,0.07723490056255489
319,1.0208,-0.038632049947631066,0.03747715673934496,0.07723490056255489
320,1.024,-0.038632049947631066,0.03747715673934496,0.07723490056255489
321,1.0272000000000001,-0.038632049947631066,0.03747715673934496,0.07723490056255489
322,1.0304,-0.038632049947631066,0.03747715673934496,0.07723490056255489
323,1.0336,-0.038632049947631066,0.03747715673934496,0.07723490056255489
324,1.0368,-0.038632049947631066,0.03747715673934496,0.07723490056255489
325,1.04,-0.038632049947631066,0.03747715673934496,0.07723490056255489
326,1.0432000000000001,-0.038632049947631066,0.03747715673934496,0.07723490056255489
327,1.0464,-0.038632049947631066,0.03747715673934496,0.07723490056255489
328,1.0496,-0.038632049947631066,0.03747715673934496,0.07723490056255489
329,1.0528,-0.038632049947631066,0.03747715673934496,0.07723490056255489
330,1.056,-0.038632049947631066,0.03747715673934496,0.07723490056255489
331,1.0592,-0.038632049947631066,0.03747715673934496,0.07723490056255489
332,1.0624,-0.038632049947631066,0.03747715673934496,0.07723490056255489
333,1.0656,-0.038632049947631066,0.03747715673934496,0.07723490056255489
334,1.0688,-0.038632049947631066,0.03747715673934496,0.07723490056255489
335,1.072,-0.038632049947631066,0.03747715673934496,0.07723490056255489
336,1.0752,-0.038632049947631066,0.03747715673934496,0.07723490056255489
337,1.0784,-0.038632049947631066,0.03747715673934496,0.07723490056255489
338,1.0816000000000001,-0.038632049947631066,0.03747715673934496,0.07723490056255489
339,1.0848,-0.038632049947631066,0.03747715673934496,0.07723490056255489
340,1.088,-0.038632049947631066,0.03747715673934496,0.07723490056255489
341,1.0912,-0.038632049947631066,0.03747715673934496,0.07723490056255489
342,1.0944,-0.038632049947631066,0.03747715673934496,0.07723490056255489
343,1.0976,-0.038632049947631066,0.03747715673934496,0.07723490056255489
344,1.1008,-0.038632049947631066,0.03747715673934496,0.07723490056255489
345,1.104,-0.038632049947631066,0.03747715673934496,0.07723490056255489
346,1.1072,-0.038632049947631066,0.03747715673934496,0.07723490056255489
347,1.1104,-0.038632049947631066,0.03747715673934496,0.07723490056255489
348,1.1136,-0.038632049947631066,0.03747715673934496,0.07723490056255489
349,1.1168,-0.038632049947631066,0.03747715673934496,0.07723490056255489
350,1.12,-0.038632049947631066,0.03747715673934496,0.07723490056255489
351,1.1232,-0.038632049947631066,0.03747715673934496,0.07723490056255489
352,1.1264,-0.038632049947631066,0.03747715673934496,0.07723490056255489
353,1.1296,-0.038632049947631066,0.03747715673934496,0.07723490056255489
354,1.1328,-0.038632049947631066,0.03747715673934496,0.07723490056255489
355,1.1360000000000001,-0.038632049947631066,0.03747715673934496,0.07723490056255489
356,1.1392,-0.038632049947631066,0.03747715673934496,0.07723490056255489
357,1.1424,-0.038632049947631066,0.03747715673934496,0.07723490056255489
358,1.1456000000000002,-0.038632049947631066,0.03747715673934496,0.07723490056255489
359,1.1488000000000003,-0.038632049947631066,0.03747715673934496,0.07723490056255489
360,1.1520000000000001,-0.038632049947631066,0.03747715673934496,0.07723490056255489
361,1.1552000000000002,-0.038632049947631066,0.03747715673934496,0.07723490056255489
362,1.1584,-0.038632049947631066,0.03747715673934496,0.07723490056255489
363,1.1616000000000002,-0.038632049947631066,0.03747715673934496,0.07723490056255489
364,1.1648000000000003,-0.038632049947631066,0.03747715673934496,0.07723490056255489
365,1.1680000000000001,-0.038632049947631066,0.03747715673934496,0.07723490056255489
366,1.1712000000000002,-0.038632049947631066,0.03747715673934496,0.07723490056255489
367,1.1744,-0.038632049947631066,0.03747715673934496,0.07723490056255489
368,1.1776000000000002,-0.038632049947631066,0.03747715673934496,0.07723490056255489
369,1.1808,-0.038632049947631066,0.03747715673934496,0.07723490056255489
370,1.1840000000000002,-0.038632049947631066,0.03747715673934496,0.07723490056255489
371,1.1872000000000003,-0.038632049947631066,0.03747715673934496,0.07723490056255489
372,1.1904000000000001,-0.038632049947631066,0.03747715673934496,0.07723490056255489
373,1.1936000000000002,-0.038632049947631066,0.03747715673934496,0.07723490056255489
374,1.1968,-0.038632049947631066,0.03747715673934496,0.07723490056255489
375,1.2000000000000002,-0.038632049947631066,0.03747715673934496,0.07723490056255489
376,1.2032000000000003,-0.038632049947631066,0.03747715673934496,0.07723490056255489
377,1.2064000000000001,-0.038632049947631066,0.03747715673934496,0.07723490056255489
378,1.2096000000000002,-0.038632049947631066,0.03747715673934496,0.07723490056255489
379,1.2128,-0.038632049947631066,0.03747715673934496,0.07723490056255489
380,1.2160000000000002,-0.038632049947631066,0.03747715673934496,0.07723490056255489
381,1.2192000000000003,-0.038632049947631066,0.03747715673934496,0.07723490056255489
382,1.2224000000000002,-0.038632049947631066,0.03747715673934496,0.07723490056255489
383,1.2256000000000002,-0.038632049947631066,0.03747715673934496,0.07723490056255489
384,1.2288000000000001,-0.038632049947631066,0.03747715673934496,0.07723490056255489
385,1.2320000000000002,-0.038632049947631066,0.03747715673934496,0.07723490056255489
386,1.2352,-0.038632049947631066,0.03747715673934496,0.07723490056255489
387,1.2384000000000002,-0.038632049947631066,0.03747715673934496,0.07723490056255489
388,1.2416000000000003,-0.038632049947631066,0.03747715673934496,0.07723490056255489
389,1.2448000000000001,-0.038632049947631066,0.03747715673934496,0.07723490056255489
390,1.2480000000000002,-0.038632049947631066,0.03747715673934496,0.07723490056255489
391,1.2512,-0.038632049947631066,0.03747715673934496,0.07723490056255489
392,1.2544000000000002,-0.038632049947631066,0.03747715673934496,0.07723490056255489
393,1.2576000000000003,-0.038632049947631066,0.03747715673934496,0.07723490056255489
394,1.2608000000000001,-0.038632049947631066,0.03747715673934496,0.07723490056255489
395,1.2640000000000002,-0.038632049947631066,0.03747715673934496,0.07723490056255489
396,1.2672,-0.038632049947631066,0.03747715673934496,0.07723490056255489
397,1.2704000000000002,-0.038632049947631066,0.03747715673934496,0.07723490056255489
398,1.2736,-0.038632049947631066,0.03747715673934496,0.07723490056255489
399,1.2768000000000002,-0.038632049947631066,0.03747715673934496,0.07723490056255489
400,1.2800000000000002,-0.038632049947631066,0.03747715673934496,0.07723490056255489
401,1.2832000000000001,-0.038632049947631066,0.03747715673934496,0.07723490056255489
402,1.2864000000000002,-0.038632049947631066,0.03747715673934496,0.07723490056255489
403,1.2896,-0.038632049947631066,0.03747715673934496,0.07723490056255489
404,1.2928000000000002,-0.038632049947631066,0.03747715673934496,0.07723490056255489
405,1.2960000000000003,-0.038632049947631066,0.03747715673934496,0.07723490056255489
406,1.2992000000000004,-0.038632049947631066,0.03747715673934496,0.07723490056255489
407,1.3024000000000002,-0.038632049947631066,0.03747715673934496,0.07723490056255489
408,1.3056000000000003,-0.038632049947631066,0.03747715673934496,0.07723490056255489
409,1.3088000000000002,-0.038632049947631066,0.03747715673934496,0.07723490056255489
410,1.3120000000000003,-0.038632049947631066,0.03747715673934496,0.07723490056255489
411,1.3152000000000004,-0.038632049947631066,0.03747715673934496,0.07723490056255489
412,1.3184000000000002,-0.038632049947631066,0.03747715673934496,0.07723490056255489
413,1.3216000000000003,-0.038632049947631066,0.03747715673934496,0.07723490056255489
414,1.3248000000000002,-0.038632049947631066,0.03747715673934496,0.07723490056255489
415,1.3280000000000003,-0.038632049947631066,0.03747715673934496,0.07723490056255489
416,1.3312000000000002,-0.038632049947631066,0.03747715673934496,0.07723490056255489
417,1.3344000000000003,-0.038632049947631066,0.03747715673934496,0.07723490056255489
418,1.3376000000000003,-0.038632049947631066,0.03747715673934496,0.07723490056255489
419,1.3408000000000002,-0.038632049947631066,0.03747715673934496,0.07723490056255489
420,1.3440000000000003,-0.038632049947631066,0.03747715673934496,0.07723490056255489
421,1.3472000000000002,-0.038632049947631066,0.03747715673934496,0.07723490056255489
422,1.3504000000000003,-0.038632049947631066,0.03747715673934496,0.07723490056255489
423,1.3536000000000004,-0.038632049947631066,0.03747715673934496,0.07723490056255489
424,1.3568000000000002,-0.038632049947631066,0.03747715673934496,0.07723490056255489
425,1.3600000000000003,-0.038632049947631066,0.03747715673934496,0.07723490056255489
426,1.3632000000000002,-0.038632049947631066,0.03747715673934496,0.07723490056255489
427,1.3664000000000003,-0.038632049947631066,0.03747715673934496,0.07723490056255489
428,1.3696000000000002,-0.038632049947631066,0.03747715673934496,0.07723490056255489
429,1.3728000000000002,-0.038632049947631066,0.03747715673934496,0.07723490056255489
430,1.3760000000000003,-0.038632049947631066,0.03747715673934496,0.07723490056255489
431,1.3792000000000002,-0.038632049947631066,0.03747715673934496,0.07723490056255489
432,1.3824000000000003,-0.038632049947631066,0.03747715673934496,0.07723490056255489
433,1.3856000000000002,-0.038632049947631066,0.03747715673934496,0.07723490056255489
434,1.3888000000000003,-0.038632049947631066,0.03747715673934496,0.07723490056255489
435,1.3920000000000003,-0.038632049947631066,0.03747715673934496,0.07723490056255489
436,1.3952000000000002,-0.038632049947631066,0.03747715673934496,0.07723490056255489
437,1.3984000000000003,-0.038632049947631066,0.03747715673934496,0.07723490056255489
438,1.4016000000000002,-0.038632049947631066,0.03747715673934496,0.07723490056255489
439,1.4048000000000003,-0.038632049947631066,0.03747715673934496,0.07723490056255489
440,1.4080000000000004,-0.038632049947631066,0.03747715673934496,0.07723490056255489
441,1.4112000000000002,-0.038632049947631066,0.03747715673934496,0.07723490056255489
442,1.4144000000000003,-0.038632049947631066,0.03747715673934496,0.07723490056255489
443,1.4176000000000002,-0.038632049947631066,0.03747715673934496,0.07723490056255489
444,1.4208000000000003,-0.038632049947631066,0.03747715673934496,0.07723490056255489
445,1.4240000000000004,-0.038632049947631066,0.03747715673934496,0.07723490056255489
446,1.4272000000000002,-0.038632049947631066,0.03747715673934496,0.07723490056255489
447,1.4304000000000003,-0.038632049947631066,0.03747715673934496,0.07723490056255489
448,1.4336000000000002,-0.038632049947631066,0.03747715673934496,0.07723490056255489
449,1.4368000000000003,-0.038632049947631066,0.03747715673934496,0.07723490056255489
450,1.4400000000000004,-0.038632049947631066,0.03747715673934496,0.07723490056255489
451,1.4432000000000003,-0.038632049947631066,0.03747715673934496,0.07723490056255489
452,1.4464000000000004,-0.038632049947631066,0.03747715673934496,0.07723490056255489
453,1.4496000000000002,-0.038632049947631066,0.03747715673934496,0.07723490056255489
454,1.4528000000000003,-0.038632049947631066,0.03747715673934496,0.07723490056255489
455,1.4560000000000004,-0.038632049947631066,0.03747715673934496,0.07723490056255489
456,1.4592000000000003,-0.038632049947631066,0.03747715673934496,0.07723490056255489
457,1.4624000000000004,-0.038632049947631066,0.03747715673934496,0.07723490056255489
458,1.4656000000000002,-0.038632049947631066,0.03747715673934496,0.07723490056255489
459,1.4688000000000003,-0.038632049947631066,0.03747715673934496,0.07723490056255489
460,1.4720000000000002,-0.038632049947631066,0.03747715673934496,0.07723490056255489
461,1.4752000000000003,-0.038632049947631066,0.03747715673934496,0.07723490056255489
462,1.4784000000000004,-0.038632049947631066,0.03747715673934496,0.07723490056255489
463,1.4816000000000003,-0.038632049947631066,0.03747715673934496,0.07723490056255489
464,1.4848000000000003,-0.038632049947631066,0.03747715673934496,0.07723490056255489
465,1.4880000000000002,-0.038632049947631066,0.03747715673934496,0.07723490056255489
466,1.4912000000000003,-0.038632049947631066,0.03747715673934496,0.07723490056255489
467,1.4944000000000004,-0.038632049947631066,0.03747715673934496,0.07723490056255489
468,1.4976000000000003,-0.038632049947631066,0.03747715673934496,0.07723490056255489
469,1.5008000000000004,-0.038632049947631066,0.03747715673934496,0.07723490056255489
470,1.5040000000000002,-0.038632049947631066,0.03747715673934496,0.07723490056255489
471,1.5072000000000003,-0.038632049947631066,0.03747715673934496,0.07723490056255489
472,1.5104000000000002,-0.038632049947631066,0.03747715673934496,0.07723490056255489
473,1.5136000000000003,-0.038632049947631066,0.03747715673934496,0.07723490056255489
474,1.5168000000000004,-0.038632049947631066,0.03747715673934496,0.07723490056255489
475,1.5200000000000002,-0.038632049947631066,0.03747715673934496,0.07723490056255489
476,1.5232000000000003,-0.038632049947631066,0.03747715673934496,0.07723490056255489
477,1.5264000000000002,-0.038632049947631066,0.03747715673934496,0.07723490056255489
478,1.5296000000000003,-0.038632049947631066,0.03747715673934496,0.07723490056255489
479,1.5328000000000004,-0.038632049947631066,0.03747715673934496,0.07723490056255489
480,1.5360000000000005,-0.038632049947631066,0.03747715673934496,0.07723490056255489
481,1.5392000000000003,-0.038632049947631066,0.03747715673934496,0.07723490056255489
482,1.5424000000000004,-0.038632049947631066,0.03747715673934496,0.07723490056255489
483,1.5456000000000003,-0.038632049947631066,0.03747715673934496,0.07723490056255489
484,1.5488000000000004,-0.038632049947631066,0.03747715673934496,0.07723490056255489
485,1.5520000000000005,-0.038632049947631066,0.03747715673934496,0.07723490056255489
486,1.5552000000000004,-0.038632049947631066,0.03747715673934496,0.07723490056255489
487,1.5584000000000005,-0.038632049947631066,0.03747715673934496,0.07723490056255489
488,1.5616000000000003,-0.038632049947631066,0.03747715673934496,0.07723490056255489
489,1.5648000000000004,-0.038632049947631066,0.03747715673934496,0.07723490056255489
490,1.5680000000000003,-0.038632049947631066,0.03747715673934496,0.07723490056255489
491,1.5712000000000004,-0.038632049947631066,0.03747715673934496,0.07723490056255489
492,1.5744000000000005,-0.038632049947631066,0.03747715673934496,0.07723490056255489
493,1.5776000000000003,-0.038632049947631066,0.03747715673934496,0.07723490056255489
494,1.5808000000000004,-0.038632049947631066,0.03747715673934496,0.07723490056255489
495,1.5840000000000003,-0.038632049947631066,0.03747715673934496,0.07723490056255489
496,1.5872000000000004,-0.038632049947631066,0.03747715673934496,0.07723490056255489
497,1.5904000000000005,-0.038632049947631066,0.03747715673934496,0.07723490056255489
498,1.5936000000000003,-0.038632049947631066,0.03747715673934496,0.07723490056255489
499,1.5968000000000004,-0.038632049947631066,0.03747715673934496,0.07723490056255489
500,1.6000000000000003,-0.038632049947631066,0.03747715673934496,0.07723490056255489
501,1.6032000000000004,-0.038632049947631066,0.03747715673934496,0.07723490056255489
502,1.6064000000000003,-0.038632049947631066,0.03747715673934496,0.07723490056255489
503,1.6096000000000004,-0.038632049947631066,0.03747715673934496,0.07723490056255489
504,1.6128000000000005,-0.038632049947631066,0.03747715673934496,0.07723490056255489
505,1.6160000000000003,-0.038632049947631066,0.03747715673934496,0.07723490056255489
506,1.6192000000000004,-0.038632049947631066,0.03747715673934496,0.07723490056255489
507,1.6224000000000003,-0.038632049947631066,0.03747715673934496,0.07723490056255489
508,1.6256000000000004,-0.038632049947631066,0.03747715673934496,0.07723490056255489
509,1.6288000000000005,-0.038632049947631066,0.03747715673934496,0.07723490056255489
510,1.6320000000000003,-0.038632049947631066,0.03747715673934496,0.07723490056255489
511,1.6352000000000004,-0.038632049947631066,0.03747715673934496,0.07723490056255489
512,1.6384000000000003,-0.038632049947631066,0.03747715673934496,0.07723490056255489
513,1.6416000000000004,-0.038632049947631066,0.03747715673934496,0.07723490056255489
514,1.6448000000000005,-0.038632049947631066,0.03747715673934496,0.07723490056255489
515,1.6480000000000004,-0.038632049947631066,0.03747715673934496,0.07723490056255489
516,1.6512000000000004,-0.038632049947631066,0.03747715673934496,0.07723490056255489
517,1.6544000000000003,-0.038632049947631066,0.03747715673934496,0.07723490056255489
518,1.6576000000000004,-0.038632049947631066,0.03747715673934496,0.07723490056255489
519,1.6608000000000005,-0.038632049947631066,0.03747715673934496,0.07723490056255489
520,1.6640000000000004,-0.038632049947631066,0.03747715673934496,0.07723490056255489
521,1.6672000000000005,-0.038632049947631066,0.03747715673934496,0.07723490056255489
522,1.6704000000000006,-0.038632049947631066,0.03747715673934496,0.07723490056255489
523,1.6736000000000004,-0.038632049947631066,0.03747715673934496,0.07723490056255489
524,1.6768000000000005,-0.038632049947631066,0.03747715673934496,0.07723490056255489
525,1.6800000000000004,-0.038632049947631066,0.03747715673934496,0.07723490056255489
526,1.6832000000000005,-0.038632049947631066,0.03747715673934496,0.07723490056255489
527,1.6864000000000006,-0.038632049947631066,0.03747715673934496,0.07723490056255489
528,1.6896000000000004,-0.038632049947631066,0.03747715673934496,0.07723490056255489
529,1.6928000000000005,-0.038632049947631066,0.03747715673934496,0.07723490056255489
530,1.6960000000000004,-0.038632049947631066,0.03747715673934496,0.07723490056255489
531,1.6992000000000005,-0.038632049947631066,0.03747715673934496,0.07723490056255489
532,1.7024000000000004,-0.038632049947631066,0.03747715673934496,0.07723490056255489
533,1.7056000000000004,-0.038632049947631066,0.03747715673934496,0.07723490056255489
534,1.7088000000000005,-0.038632049947631066,0.03747715673934496,0.07723490056255489
535,1.7120000000000004,-0.038632049947631066,0.03747715673934496,0.07723490056255489
536,1.7152000000000005,-0.038632049947631066,0.03747715673934496,0.07723490056255489
537,1.7184000000000004,-0.038632049947631066,0.03747715673934496,0.07723490056255489
538,1.7216000000000005,-0.038632049947631066,0.03747715673934496,0.07723490056255489
539,1.7248000000000006,-0.038632049947631066,0.03747715673934496,0.07723490056255489
540,1.7280000000000004,-0.038632049947631066,0.03747715673934496,0.07723490056255489
541,1.7312000000000005,-0.038632049947631066,0.03747715673934496,0.07723490056255489
542,1.7344000000000004,-0.038632049947631066,0.03747715673934496,0.07723490056255489
543,1.7376000000000005,-0.038632049947631066,0.03747715673934496,0.07723490056255489
544,1.7408000000000006,-0.038632049947631066,0.03747715673934496,0.07723490056255489
545,1.7440000000000004,-0.038632049947631066,0.03747715673934496,0.07723490056255489
546,1.7472000000000005,-0.038632049947631066,0.03747715673934496,0.07723490056255489
547,1.7504000000000004,-0.038632049947631066,0.03747715673934496,0.07723490056255489
548,1.7536000000000005,-0.038632049947631066,0.03747715673934496,0.07723490056255489
549,1.7568000000000004,-0.038632049947631066,0.03747715673934496,0.07723490056255489
550,1.7600000000000005,-0.038632049947631066,0.03747715673934496,0.07723490056255489
551,1.7632000000000005,-0.038632049947631066,0.03747715673934496,0.07723490056255489
552,1.7664000000000004,-0.038632049947631066,0.03747715673934496,0.07723490056255489
553,1.7696000000000005,-0.038632049947631066,0.03747715673934496,0.07723490056255489
554,1.7728000000000004,-0.038632049947631066,0.03747715673934496,0.07723490056255489
555,1.7760000000000005,-0.038632049947631066,0.03747715673934496,0.07723490056255489
556,1.7792000000000006,-0.038632049947631066,0.03747715673934496,0.07723490056255489
557,1.7824000000000004,-0.038632049947631066,0.03747715673934496,0.07723490056255489
558,1.7856000000000005,-0.038632049947631066,0.03747715673934496,0.07723490056255489
559,1.7888000000000004,-0.038632049947631066,0.03747715673934496,0.07723490056255489
560,1.7920000000000005,-0.038632049947631066,0.03747715673934496,0.07723490056255489
561,1.7952000000000004,-0.038632049947631066,0.03747715673934496,0.07723490056255489
562,1.7984000000000004,-0.038632049947631066,0.03747715673934496,0.07723490056255489
563,1.8016000000000005,-0.038632049947631066,0.03747715673934496,0.07723490056255489
564,1.8048000000000006,-0.038632049947631066,0.03747715673934496,0.07723490056255489
565,1.8080000000000005,-0.038632049947631066,0.03747715673934496,0.07723490056255489
566,1.8112000000000006,-0.038632049947631066,0.03747715673934496,0.07723490056255489
567,1.8144000000000005,-0.038632049947631066,0.03747715673934496,0.07723490056255489
568,1.8176000000000005,-0.038632049947631066,0.03747715673934496,0.07723490056255489
569,1.8208000000000006,-0.038632049947631066,0.03747715673934496,0.07723490056255489
570,1.8240000000000005,-0.038632049947631066,0.03747715673934496,0.07723490056255489
571,1.8272000000000006,-0.038632049947631066,0.03747715673934496,0.07723490056255489
572,1.8304000000000005,-0.038632049947631066,0.03747715673934496,0.07723490056255489
573,1.8336000000000006,-0.038632049947631066,0.03747715673934496,0.07723490056255489
574,1.8368000000000004,-0.038632049947631066,0.03747715673934496,0.07723490056255489
575,1.8400000000000005,-0.038632049947631066,0.03747715673934496,0.07723490056255489
576,1.8432000000000006,-0.038632049947631066,0.03747715673934496,0.07723490056255489
577,1.8464000000000005,-0.038632049947631066,0.03747715673934496,0.07723490056255489
578,1.8496000000000006,-0.038632049947631066,0.03747715673934496,0.07723490056255489
579,1.8528000000000004,-0.038632049947631066,0.03747715673934496,0.07723490056255489
580,1.8560000000000005,-0.038632049947631066,0.03747715673934496,0.07723490056255489
581,1.8592000000000006,-0.038632049947631066,0.03747715673934496,0.07723490056255489
582,1.8624000000000005,-0.038632049947631066,0.03747715673934496,0.07723490056255489
583,1.8656000000000006,-0.038632049947631066,0.03747715673934496,0.07723490056255489
584,1.8688000000000005,-0.038632049947631066,0.03747715673934496,0.07723490056255489
585,1.8720000000000006,-0.038632049947631066,0.03747715673934496,0.07723490056255489
586,1.8752000000000004,-0.038632049947631066,0.03747715673934496,0.07723490056255489
587,1.8784000000000005,-0.038632049947631066,0.03747715673934496,0.07723490056255489
588,1.8816000000000006,-0.038632049947631066,0.03747715673934496,0.07723490056255489
589,1.8848000000000005,-0.038632049947631066,0.03747715673934496,0.07723490056255489
590,1.8880000000000006,-0.038632049947631066,0.03747715673934496,0.07723490056255489
591,1.8912000000000004,-0.038632049947631066,0.03747715673934496,0.07723490056255489
592,1.8944000000000005,-0.038632049947631066,0.03747715673934496,0.07723490056255489
593,1.8976000000000006,-0.038632049947631066,0.03747715673934496,0.07723490056255489
594,1.9008000000000005,-0.038632049947631066,0.03747715673934496,0.07723490056255489
595,1.9040000000000006,-0.038632049947631066,0.03747715673934496,0.07723490056255489
596,1.9072000000000005,-0.038632049947631066,0.03747715673934496,0.07723490056255489
597,1.9104000000000005,-0.038632049947631066,0.03747715673934496,0.07723490056255489
598,1.9136000000000006,-0.038632049947631066,0.03747715673934496,0.07723490056255489
599,1.9168000000000005,-0.038632049947631066,0.03747715673934496,0.07723490056255489
600,1.9200000000000006,-0.038632049947631066,0.03747715673934496,0.07723490056255489
Agent ID,2
Number of,601
0,0.0,-0.043981171550209086,0.011690967352022727,0.09725877385187089
1,0.0032,-0.04398113783316122,0.01169094083213862,0.0972587919841617
2,0.0064,-0.04398090181382615,0.011690755192949872,0.09725891891019733
3,0.009600000000000001,-0.04398026118991668,0.01169025131515184,0.09725926342372267
4,0.0128,-0.043979013659145604,0.011689270079439883,0.09725993431848252
5,0.016,-0.04397695691922572,0.011687652366509363,0.09726104038822174
6,0.019200000000000002,-0.04397388866786984,0.011685239057055633,0.09726269042668516
7,0.0224,-0.04396960660279074,0.011681871031774054,0.09726499322761761
8,0.0256,-0.04396390842170123,0.011677389171359983,0.09726805758476396
9,0.028800000000000003,-0.043956591822314116,0.011671634356508781,0.09727199229186904
10,0.032,-0.04394745450234219,0.011664447467915806,0.09727690614267769
11,0.0352,-0.04393629415949825,0.011655669386276416,0.09728290793093473
12,0.038400000000000004,-0.04392290849149509,0.011645140992285967,0.09729010645038502
13,0.041600000000000005,-0.04390709519604551,0.011632703166639821,0.09729861049477341
14,0.0448,-0.04388865197086232,0.011618196790033336,0.09730852885784473
15,0.048,-0.04386737651365831,0.011601462743161869,0.09731997033334382
16,0.0512,-0.04384306652214628,0.011582341906720778,0.09733304371501551
17,0.054400000000000004,-0.043815519694039025,0.011560675161405423,0.09734785779660467
18,0.057600000000000005,-0.043784533727049345,0.011536303387911163,0.09736452137185611
19,0.0608,-0.043749906318890044,0.011509067466933356,0.09738314323451469
20,0.064,-0.04371143516727392,0.011478808279167358,0.09740383217832524
21,0.06720000000000001,-0.04366891796991376,0.01144536670530853,0.09742669699703262
22,0.0704,-0.04362215242452238,0.01140858362605223,0.09745184648438164
23,0.0736,-0.043570936228812564,0.011368299922093818,0.09747938943411716
24,0.07680000000000001,-0.043515067080497113,0.01132435647412865,0.09750943463998402
25,0.08,-0.043454342677288836,0.011276594162852085,0.09754209089572706
26,0.08320000000000001,-0.04338856071690052,0.011224853868959482,0.09757746699509111
27,0.0864,-0.04331751889704497,0.0111689764731462,0.09761567173182102
28,0.0896,-0.043241014915434986,0.011108802856107595,0.09765681389966165
29,0.09280000000000001,-0.04315884646978336,0.011044173898539029,0.0977010022923578
30,0.096,-0.04307081125780289,0.010974930481135858,0.09774834570365434
31,0.09920000000000001,-0.04297670697720638,0.010900913484593442,0.09779895292729611
32,0.1024,-0.04287633132570663,0.010821963789607137,0.09785293275702794
33,0.1056,-0.04276954943511218,0.01073797531664052,0.09791035772201305
34,0.10880000000000001,-0.04265649617361447,0.010649054145230012,0.09797115529308824
35,0.112,-0.04253737384350073,0.01055535939468026,0.09803521667650865
36,0.11520000000000001,-0.04241238474705814,0.010457050184295904,0.09810243307852944
37,0.1184,-0.042281731186573926,0.010354285633381585,0.09817269570540577
38,0.1216,-0.04214561546433526,0.010247224861241945,0.0982458957633928
39,0.12480000000000001,-0.04200423988262937,0.010136026987181624,0.09832192445874569
40,0.128,-0.04185780674374344,0.010020851130505267,0.0984006729977196
41,0.1312,-0.04170651834996467,0.009901856410517511,0.09848203258656968
42,0.13440000000000002,-0.04155057700358028,0.009779201946523002,0.0985658944315511
43,0.1376,-0.04139018500687746,0.009653046857826378,0.09865214973891903
44,0.1408,-0.041225544662143405,0.009523550263732283,0.09874068971492861
45,0.14400000000000002,-0.041056858271665324,0.009390871283545354,0.098831405565835
46,0.1472,-0.040884328137730415,0.00925516903657024,0.09892418849789338
47,0.1504,-0.040708156562625886,0.009116602642111579,0.09901892971735887
48,0.15360000000000001,-0.04052854584863893,0.00897533121947401,0.09911552043048667
49,0.1568,-0.04034569829805675,0.008831513887962177,0.09921385184353192
50,0.16,-0.040159816213166555,0.00868530976688072,0.09931381516274977
51,0.1632,-0.03997110189625554,0.008536877975534285,0.0994153015943954
52,0.16640000000000002,-0.0397797576496109,0.008386377633227507,0.09951820234472397
53,0.1696,-0.03958598577551985,0.00823396785926503,0.09962240861999062
54,0.1728,-0.03938998857626958,0.0080798077729515,0.09972781162645052
55,0.17600000000000002,-0.0391919683541473,0.00792405649359155,0.09983430257035883
56,0.1792,-0.03899212741144021,0.007766873140489832,0.09994177265797069
57,0.1824,-0.0387906680504355,0.007608416832950977,0.1000501130955413
58,0.18560000000000001,-0.03858779257342039,0.007448846690279634,0.10015921508932578
59,0.1888,-0.03838370328268206,0.0072883218317804374,0.10026896984557931
60,0.192,-0.03817860248050774,0.007127001376758039,0.10037926857055704
61,0.1952,-0.0379726924691846,0.006965044444517072,0.10049000247051414
62,0.19840000000000002,-0.03776617555099986,0.006802610154362178,0.10060106275170576
63,0.2016,-0.03755925402824073,0.006639857625598007,0.10071234062038704
64,0.2048,-0.03735213020319438,0.00647694597752919,0.10082372728281319
65,0.20800000000000002,-0.03720857169322603,0.0063671911319576014,0.10084489964676704
66,0.2112,-0.037065013183257674,0.006257436286386012,0.10086607201072088
67,0.2144,-0.03692145467328932,0.0061476814408144235,0.10088724437467474
68,0.21760000000000002,-0.036777896163320965,0.006037926595242835,0.10090841673862858
69,0.2208,-0.03663433765335261,0.0059281717496712455,0.10092958910258243
70,0.224,-0.03649077914338426,0.005818416904099657,0.10095076146653627
71,0.2272,-0.0363472206334159,0.0057086620585280684,0.10097193383049012
72,0.23040000000000002,-0.03620366212344755,0.005598907212956479,0.10099310619444396
73,0.2336,-0.036060103613479194,0.0054891523673848905,0.10101427855839781
74,0.2368,-0.03591654510351084,0.005379397521813302,0.10103545092235165
75,0.24000000000000002,-0.035772986593542486,0.0052696426762417125,0.1010566232863055
76,0.24320000000000003,-0.03562942808357413,0.005159887830670124,0.10107779565025934
77,0.2464,-0.03548586957360578,0.005050132985098535,0.1010989680142132
78,0.24960000000000002,-0.03534231106363742,0.004940378139526946,0.10112014037816705
79,0.2528,-0.03519875255366907,0.0048306232939553575,0.10114131274212089
80,0.256,-0.035055194043700715,0.004720868448383769,0.10116248510607474
81,0.2592,-0.03491163553373236,0.0046111136028121795,0.10118365747002858
82,0.2624,-0.034768077023764006,0.00450135875724059,0.10120482983398243
83,0.2656,-0.03462451851379565,0.004391603911669002,0.10122600219793627
84,0.26880000000000004,-0.0344809600038273,0.004281849066097413,0.10124717456189013
85,0.272,-0.03433740149385894,0.0041720942205258245,0.10126834692584397
86,0.2752,-0.03419384298389059,0.004062339374954235,0.10128951928979782
87,0.2784,-0.034050284473922235,0.0039525845293826465,0.10131069165375166
88,0.2816,-0.03390672596395388,0.0038428296838110576,0.10133186401770551
89,0.2848,-0.033763167453985526,0.003733074838239469,0.10135303638165935
90,0.28800000000000003,-0.033619608944017165,0.0036233199926678796,0.1013742087456132
91,0.2912,-0.03347605043404881,0.003513565147096291,0.10139538110956706
92,0.2944,-0.03333249192408046,0.0034038103015247025,0.1014165534735209
93,0.29760000000000003,-0.03318893341411211,0.0032940554559531135,0.10143772583747475
94,0.3008,-0.03304537490414375,0.003184300610381524,0.10145889820142859
95,0.30400000000000005,-0.032901816394175394,0.0030745457648099356,0.10148007056538244
96,0.30720000000000003,-0.03275825788420704,0.002964790919238347,0.10150124292933628
97,0.3104,-0.032614699374238686,0.002855036073666758,0.10152241529329013
98,0.3136,-0.03247114086427033,0.0027452812280951695,0.10154358765724397
99,0.3168,-0.03232758235430198,0.00263552638252358,0.10156476002119783
100,0.32,-0.03218402384433362,0.002525771536951991,0.10158593238515166
101,0.32320000000000004,-0.03204046533436527,0.0024160166913804026,0.10160710474910552
102,0.3264,-0.031896906824396914,0.002306261845808814,0.10162827711305936
103,0.3296,-0.03175334831442856,0.0021965070002372246,0.10164944947701321
104,0.3328,-0.031609789804460206,0.002086752154665636,0.10167062184096706
105,0.336,-0.03146623129449185,0.0019769973090940475,0.1016917942049209
106,0.33920000000000006,-0.0313226727845235,0.0018672424635224581,0.10171296656887475
107,0.34240000000000004,-0.031179114274555143,0.0017574876179508696,0.1017341389328286
108,0.3456,-0.03103555576458679,0.0016477327723792802,0.10175531129678245
109,0.3488,-0.030891997254618435,0.0015379779268076916,0.10177648366073629
110,0.352,-0.03074843874465008,0.001428223081236103,0.10179765602469014
111,0.3552,-0.030604880234681726,0.0013184682356645145,0.10181882838864398
112,0.35840000000000005,-0.030461321724713372,0.0012087133900929251,0.10184000075259783
113,0.36160000000000003,-0.030317763214745018,0.0010989585445213366,0.10186117311655167
114,0.3648,-0.030174204704776664,0.000989203698949748,0.10188234548050552
115,0.368,-0.03003064619480831,0.0008794488533781586,0.10190351784445936
116,0.3712,-0.029887087684839955,0.0007696940078065692,0.10192469020841322
117,0.37439999999999996,-0.029887087684839955,0.0007696940078065692,0.10192469020841322
118,0.3776,-0.029887087684839955,0.0007696940078065692,0.10192469020841322
119,0.38079999999999997,-0.029887087684839955,0.0007696940078065692,0.10192469020841322
120,0.38399999999999995,-0.029887087684839955,0.0007696940078065692,0.10192469020841322
121,0.3872,-0.029887087684839955,0.0007696940078065692,0.10192469020841322
122,0.39039999999999997,-0.029887087684839955,0.0007696940078065692,0.10192469020841322
123,0.39359999999999995,-0.029887087684839955,0.0007696940078065692,0.10192469020841322
124,0.3968,-0.029887087684839955,0.0007696940078065692,0.10192469020841322
125,0.39999999999999997,-0.029887087684839955,0.0007696940078065692,0.10192469020841322
126,0.4032,-0.029887087684839955,0.0007696940078065692,0.10192469020841322
127,0.4064,-0.029887087684839955,0.0007696940078065692,0.10192469020841322
128,0.40959999999999996,-0.029887087684839955,0.0007696940078065692,0.10192469020841322
129,0.4128,-0.029887087684839955,0.0007696940078065692,0.10192469020841322
130,0.416,-0.029887087684839955,0.0007696940078065692,0.10192469020841322
131,0.41919999999999996,-0.029887087684839955,0.0007696940078065692,0.10192469020841322
132,0.4224,-0.029887087684839955,0.0007696940078065692,0.10192469020841322
133,0.4256,-0.029887087684839955,0.0007696940078065692,0.10192469020841322
134,0.42879999999999996,-0.029887087684839955,0.0007696940078065692,0.10192469020841322
135,0.432,-0.029887087684839955,0.0007696940078065692,0.10192469020841322
136,0.4352,-0.029887087684839955,0.0007696940078065692,0.10192469020841322
137,0.4384,-0.029887087684839955,0.0007696940078065692,0.10192469020841322
138,0.4416,-0.029887087684839955,0.0007696940078065692,0.10192469020841322
139,0.4448,-0.029887087684839955,0.0007696940078065692,0.10192469020841322
140,0.44799999999999995,-0.029887087684839955,0.0007696940078065692,0.10192469020841322
141,0.4512,-0.029887087684839955,0.0007696940078065692,0.10192469020841322
142,0.45439999999999997,-0.029887087684839955,0.0007696940078065692,0.10192469020841322
143,0.4576,-0.029887087684839955,0.0007696940078065692,0.10192469020841322
144,0.4608,-0.029887087684839955,0.0007696940078065692,0.10192469020841322
145,0.46399999999999997,-0.029887087684839955,0.0007696940078065692,0.10192469020841322
146,0.46719999999999995,-0.029887087684839955,0.0007696940078065692,0.10192469020841322
147,0.4704,-0.029887087684839955,0.0007696940078065692,0.10192469020841322
148,0.47359999999999997,-0.029887087684839955,0.0007696940078065692,0.10192469020841322
149,0.4768,-0.029887087684839955,0.0007696940078065692,0.10192469020841322
150,0.48,-0.029887087684839955,0.0007696940078065692,0.10192469020841322
151,0.48319999999999996,-0.029887087684839955,0.0007696940078065692,0.10192469020841322
152,0.4864,-0.029887087684839955,0.0007696940078065692,0.10192469020841322
153,0.4896,-0.029887087684839955,0.0007696940078065692,0.10192469020841322
154,0.49279999999999996,-0.029887087684839955,0.0007696940078065692,0.10192469020841322
155,0.496,-0.029887087684839955,0.0007696940078065692,0.10192469020841322
156,0.4992,-0.029887087684839955,0.0007696940078065692,0.10192469020841322
157,0.5024,-0.029887087684839955,0.0007696940078065692,0.10192469020841322
158,0.5056,-0.029887087684839955,0.0007696940078065692,0.10192469020841322
159,0.5087999999999999,-0.029887087684839955,0.0007696940078065692,0.10192469020841322
160,0.512,-0.029887087684839955,0.0007696940078065692,0.10192469020841322
161,0.5152,-0.029887087684839955,0.0007696940078065692,0.10192469020841322
162,0.5184,-0.029887087684839955,0.0007696940078065692,0.10192469020841322
163,0.5216,-0.029887087684839955,0.0007696940078065692,0.10192469020841322
164,0.5247999999999999,-0.029887087684839955,0.0007696940078065692,0.10192469020841322
165,0.5279999999999999,-0.029887087684839955,0.0007696940078065692,0.10192469020841322
166,0.5311999999999999,-0.029887087684839955,0.0007696940078065692,0.10192469020841322
167,0.5344,-0.029887087684839955,0.0007696940078065692,0.10192469020841322
168,0.5376,-0.029887087684839955,0.0007696940078065692,0.10192469020841322
169,0.5408,-0.029887087684839955,0.0007696940078065692,0.10192469020841322
170,0.5439999999999999,-0.029887087684839955,0.0007696940078065692,0.10192469020841322
171,0.5471999999999999,-0.029887087684839955,0.0007696940078065692,0.10192469020841322
172,0.5503999999999999,-0.029887087684839955,0.0007696940078065692,0.10192469020841322
173,0.5536,-0.029887087684839955,0.0007696940078065692,0.10192469020841322
174,0.5568,-0.029887087684839955,0.0007696940078065692,0.10192469020841322
175,0.5599999999999999,-0.029887087684839955,0.0007696940078065692,0.10192469020841322
176,0.5631999999999999,-0.029887087684839955,0.0007696940078065692,0.10192469020841322
177,0.5663999999999999,-0.029887087684839955,0.0007696940078065692,0.10192469020841322
178,0.5695999999999999,-0.029887087684839955,0.0007696940078065692,0.10192469020841322
179,0.5728,-0.029887087684839955,0.0007696940078065692,0.10192469020841322
180,0.576,-0.029887087684839955,0.0007696940078065692,0.10192469020841322
181,0.5791999999999999,-0.029887087684839955,0.0007696940078065692,0.10192469020841322
182,0.5823999999999999,-0.029887087684839955,0.0007696940078065692,0.10192469020841322
183,0.5855999999999999,-0.029887087684839955,0.0007696940078065692,0.10192469020841322
184,0.5888,-0.029887087684839955,0.0007696940078065692,0.10192469020841322
185,0.592,-0.029887087684839955,0.0007696940078065692,0.10192469020841322
186,0.5952,-0.029887087684839955,0.0007696940078065692,0.10192469020841322
187,0.5983999999999999,-0.029887087684839955,0.0007696940078065692,0.10192469020841322
188,0.6015999999999999,-0.029887087684839955,0.0007696940078065692,0.10192469020841322
189,0.6047999999999999,-0.029887087684839955,0.0007696940078065692,0.10192469020841322
190,0.608,-0.029887087684839955,0.0007696940078065692,0.10192469020841322
191,0.6112,-0.029887087684839955,0.0007696940078065692,0.10192469020841322
192,0.6144,-0.029887087684839955,0.0007696940078065692,0.10192469020841322
193,0.6175999999999999,-0.029887087684839955,0.0007696940078065692,0.10192469020841322
194,0.6207999999999999,-0.029887087684839955,0.0007696940078065692,0.10192469020841322
195,0.6239999999999999,-0.029887087684839955,0.0007696940078065692,0.10192469020841322
196,0.6272,-0.029887087684839955,0.0007696940078065692,0.10192469020841322
197,0.6304,-0.029887087684839955,0.0007696940078065692,0.10192469020841322
198,0.6335999999999999,-0.029887087684839955,0.0007696940078065692,0.10192469020841322
199,0.6367999999999999,-0.029887087684839955,0.0007696940078065692,0.10192469020841322
200,0.6399999999999999,-0.029887087684839955,0.0007696940078065692,0.10192469020841322
201,0.6432,-0.029887087684839955,0.0007696940078065692,0.10192469020841322
202,0.6464,-0.029887087684839955,0.0007696940078065692,0.10192469020841322
203,0.6496,-0.029887087684839955,0.0007696940078065692,0.10192469020841322
204,0.6527999999999999,-0.029887087684839955,0.0007696940078065692,0.10192469020841322
205,0.6559999999999999,-0.029887087684839955,0.0007696940078065692,0.10192469020841322
206,0.6592,-0.029887087684839955,0.0007696940078065692,0.10192469020841322
207,0.6624,-0.029887087684839955,0.0007696940078065692,0.10192469020841322
208,0.6656,-0.029887087684839955,0.0007696940078065692,0.10192469020841322
209,0.6688,-0.029887087684839955,0.0007696940078065692,0.10192469020841322
210,0.672,-0.029887087684839955,0.0007696940078065692,0.10192469020841322
211,0.6752,-0.029887087684839955,0.0007696940078065692,0.10192469020841322
212,0.6784,-0.029887087684839955,0.0007696940078065692,0.10192469020841322
213,0.6816,-0.029887087684839955,0.0007696940078065692,0.10192469020841322
214,0.6848,-0.029887087684839955,0.0007696940078065692,0.10192469020841322
215,0.688,-0.029887087684839955,0.0007696940078065692,0.10192469020841322
216,0.6912,-0.029887087684839955,0.0007696940078065692,0.10192469020841322
217,0.6944,-0.029887087684839955,0.0007696940078065692,0.10192469020841322
218,0.6976,-0.029887087684839955,0.0007696940078065692,0.10192469020841322
219,0.7008,-0.029887087684839955,0.0007696940078065692,0.10192469020841322
220,0.704,-0.029887087684839955,0.0007696940078065692,0.10192469020841322
221,0.7071999999999999,-0.029887087684839955,0.0007696940078065692,0.10192469020841322
222,0.7104,-0.029887087684839955,0.0007696940078065692,0.10192469020841322
223,0.7136,-0.029887087684839955,0.0007696940078065692,0.10192469020841322
224,0.7168,-0.029887087684839955,0.0007696940078065692,0.10192469020841322
225,0.72,-0.029887087684839955,0.0007696940078065692,0.10192469020841322
226,0.7232,-0.029887087684839955,0.0007696940078065692,0.10192469020841322
227,0.7263999999999999,-0.029887087684839955,0.0007696940078065692,0.10192469020841322
228,0.7296,-0.029887087684839955,0.0007696940078065692,0.10192469020841322
229,0.7328,-0.029887087684839955,0.0007696940078065692,0.10192469020841322
230,0.736,-0.029887087684839955,0.0007696940078065692,0.10192469020841322
231,0.7392,-0.029887087684839955,0.0007696940078065692,0.10192469020841322
232,0.7424,-0.029887087684839955,0.0007696940078065692,0.10192469020841322
233,0.7456,-0.029887087684839955,0.0007696940078065692,0.10192469020841322
234,0.7488,-0.029887087684839955,0.0007696940078065692,0.10192469020841322
235,0.752,-0.029887087684839955,0.0007696940078065692,0.10192469020841322
236,0.7552,-0.029887087684839955,0.0007696940078065692,0.10192469020841322
237,0.7584,-0.029887087684839955,0.0007696940078065692,0.10192469020841322
238,0.7616,-0.029887087684839955,0.0007696940078065692,0.10192469020841322
239,0.7648,-0.029887087684839955,0.0007696940078065692,0.10192469020841322
240,0.768,-0.029887087684839955,0.0007696940078065692,0.10192469020841322
241,0.7712,-0.029887087684839955,0.0007696940078065692,0.10192469020841322
242,0.7744,-0.029887087684839955,0.0007696940078065692,0.10192469020841322
243,0.7776,-0.029887087684839955,0.0007696940078065692,0.10192469020841322
244,0.7807999999999999,-0.029887087684839955,0.0007696940078065692,0.10192469020841322
245,0.784,-0.029887087684839955,0.0007696940078065692,0.10192469020841322
246,0.7872,-0.029887087684839955,0.0007696940078065692,0.10192469020841322
247,0.7904,-0.029887087684839955,0.0007696940078065692,0.10192469020841322
248,0.7936,-0.029887087684839955,0.0007696940078065692,0.10192469020841322
249,0.7968,-0.029887087684839955,0.0007696940078065692,0.10192469020841322
250,0.8,-0.029887087684839955,0.0007696940078065692,0.10192469020841322
251,0.8032,-0.029887087684839955,0.0007696940078065692,0.10192469020841322
252,0.8064,-0.029887087684839955,0.0007696940078065692,0.10192469020841322
253,0.8096,-0.029887087684839955,0.0007696940078065692,0.10192469020841322
254,0.8128,-0.029887087684839955,0.0007696940078065692,0.10192469020841322
255,0.8160000000000001,-0.029887087684839955,0.0007696940078065692,0.10192469020841322
256,0.8191999999999999,-0.029887087684839955,0.0007696940078065692,0.10192469020841322
257,0.8224,-0.029887087684839955,0.0007696940078065692,0.10192469020841322
258,0.8256,-0.029887087684839955,0.0007696940078065692,0.10192469020841322
259,0.8288,-0.029887087684839955,0.0007696940078065692,0.10192469020841322
260,0.832,-0.029887087684839955,0.0007696940078065692,0.10192469020841322
261,0.8352,-0.029887087684839955,0.0007696940078065692,0.10192469020841322
262,0.8384,-0.029887087684839955,0.0007696940078065692,0.10192469020841322
263,0.8416,-0.029887087684839955,0.0007696940078065692,0.10192469020841322
264,0.8448,-0.029887087684839955,0.0007696940078065692,0.10192469020841322
265,0.848,-0.029887087684839955,0.0007696940078065692,0.10192469020841322
266,0.8512,-0.029887087684839955,0.0007696940078065692,0.10192469020841322
267,0.8544,-0.029887087684839955,0.0007696940078065692,0.10192469020841322
268,0.8576,-0.029887087684839955,0.0007696940078065692,0.10192469020841322
269,0.8608,-0.029887087684839955,0.0007696940078065692,0.10192469020841322
270,0.864,-0.029887087684839955,0.0007696940078065692,0.10192469020841322
271,0.8672,-0.029887087684839955,0.0007696940078065692,0.10192469020841322
272,0.8704,-0.029887087684839955,0.0007696940078065692,0.10192469020841322
273,0.8736,-0.029887087684839955,0.0007696940078065692,0.10192469020841322
274,0.8768,-0.029887087684839955,0.0007696940078065692,0.10192469020841322
275,0.88,-0.029887087684839955,0.0007696940078065692,0.10192469020841322
276,0.8832,-0.029887087684839955,0.0007696940078065692,0.10192469020841322
277,0.8864,-0.029887087684839955,0.0007696940078065692,0.10192469020841322
278,0.8896,-0.029887087684839955,0.0007696940078065692,0.10192469020841322
279,0.8928,-0.029887087684839955,0.0007696940078065692,0.10192469020841322
280,0.896,-0.029887087684839955,0.0007696940078065692,0.10192469020841322
281,0.8992,-0.029887087684839955,0.0007696940078065692,0.10192469020841322
282,0.9024,-0.029887087684839955,0.0007696940078065692,0.10192469020841322
283,0.9056,-0.029887087684839955,0.0007696940078065692,0.10192469020841322
284,0.9088,-0.029887087684839955,0.0007696940078065692,0.10192469020841322
285,0.912,-0.029887087684839955,0.0007696940078065692,0.10192469020841322
286,0.9152,-0.029887087684839955,0.0007696940078065692,0.10192469020841322
287,0.9184,-0.029887087684839955,0.0007696940078065692,0.10192469020841322
288,0.9216,-0.029887087684839955,0.0007696940078065692,0.10192469020841322
289,0.9248000000000001,-0.029887087684839955,0.0007696940078065692,0.10192469020841322
290,0.928,-0.029887087684839955,0.0007696940078065692,0.10192469020841322
291,0.9312,-0.029887087684839955,0.0007696940078065692,0.10192469020841322
292,0.9344,-0.029887087684839955,0.0007696940078065692,0.10192469020841322
293,0.9376,-0.029887087684839955,0.0007696940078065692,0.10192469020841322
294,0.9408,-0.029887087684839955,0.0007696940078065692,0.10192469020841322
295,0.944,-0.029887087684839955,0.0007696940078065692,0.10192469020841322
296,0.9472,-0.029887087684839955,0.0007696940078065692,0.10192469020841322
297,0.9504,-0.029887087684839955,0.0007696940078065692,0.10192469020841322
298,0.9536,-0.029887087684839955,0.0007696940078065692,0.10192469020841322
299,0.9568,-0.029887087684839955,0.0007696940078065692,0.10192469020841322
300,0.96,-0.029887087684839955,0.0007696940078065692,0.10192469020841322
301,0.9632000000000001,-0.029887087684839955,0.0007696940078065692,0.10192469020841322
302,0.9664,-0.029887087684839955,0.0007696940078065692,0.10192469020841322
303,0.9696,-0.029887087684839955,0.0007696940078065692,0.10192469020841322
304,0.9728,-0.029887087684839955,0.0007696940078065692,0.10192469020841322
305,0.976,-0.029887087684839955,0.0007696940078065692,0.10192469020841322
306,0.9792000000000001,-0.029887087684839955,0.0007696940078065692,0.10192469020841322
307,0.9823999999999999,-0.029887087684839955,0.0007696940078065692,0.10192469020841322
308,0.9856,-0.029887087684839955,0.0007696940078065692,0.10192469020841322
309,0.9888,-0.029887087684839955,0.0007696940078065692,0.10192469020841322
310,0.992,-0.029887087684839955,0.0007696940078065692,0.10192469020841322
311,0.9952,-0.029887087684839955,0.0007696940078065692,0.10192469020841322
312,0.9984000000000001,-0.029887087684839955,0.0007696940078065692,0.10192469020841322
313,1.0016,-0.029887087684839955,0.0007696940078065692,0.10192469020841322
314,1.0048,-0.029887087684839955,0.0007696940078065692,0.10192469020841322
315,1.008,-0.029887087684839955,0.0007696940078065692,0.10192469020841322
316,1.0112,-0.029887087684839955,0.0007696940078065692,0.10192469020841322
317,1.0144,-0.029887087684839955,0.0007696940078065692,0.10192469020841322
318,1.0176,-0.029887087684839955,0.0007696940078065692,0.10192469020841322
319,1.0208,-0.029887087684839955,0.0007696940078065692,0.10192469020841322
320,1.024,-0.029887087684839955,0.0007696940078065692,0.10192469020841322
321,1.0272000000000001,-0.029887087684839955,0.0007696940078065692,0.10192469020841322
322,1.0304,-0.029887087684839955,0.0007696940078065692,0.10192469020841322
323,1.0336,-0.029887087684839955,0.0007696940078065692,0.10192469020841322
324,1.0368,-0.029887087684839955,0.0007696940078065692,0.10192469020841322
325,1.04,-0.029887087684839955,0.0007696940078065692,0.10192469020841322
326,1.0432000000000001,-0.029887087684839955,0.0007696940078065692,0.10192469020841322
327,1.0464,-0.029887087684839955,0.0007696940078065692,0.10192469020841322
328,1.0496,-0.029887087684839955,0.0007696940078065692,0.10192469020841322
329,1.0528,-0.029887087684839955,0.0007696940078065692,0.10192469020841322
330,1.056,-0.029887087684839955,0.0007696940078065692,0.10192469020841322
331,1.0592,-0.029887087684839955,0.0007696940078065692,0.10192469020841322
332,1.0624,-0.029887087684839955,0.0007696940078065692,0.10192469020841322
333,1.0656,-0.029887087684839955,0.0007696940078065692,0.10192469020841322
334,1.0688,-0.029887087684839955,0.0007696940078065692,0.10192469020841322
335,1.072,-0.029887087684839955,0.0007696940078065692,0.10192469020841322
336,1.0752,-0.029887087684839955,0.0007696940078065692,0.10192469020841322
337,1.0784,-0.029887087684839955,0.0007696940078065692,0.10192469020841322
338,1.0816000000000001,-0.029887087684839955,0.0007696940078065692,0.10192469020841322
339,1.0848,-0.029887087684839955,0.0007696940078065692,0.10192469020841322
340,1.088,-0.029887087684839955,0.0007696940078065692,0.10192469020841322
341,1.0912,-0.029887087684839955,0.0007696940078065692,0.10192469020841322
342,1.0944,-0.029887087684839955,0.0007696940078065692,0.10192469020841322
343,1.0976,-0.029887087684839955,0.0007696940078065692,0.10192469020841322
344,1.1008,-0.029887087684839955,0.0007696940078065692,0.10192469020841322
345,1.104,-0.029887087684839955,0.0007696940078065692,0.10192469020841322
346,1.1072,-0.029887087684839955,0.0007696940078065692,0.10192469020841322
347,1.1104,-0.029887087684839955,0.0007696940078065692,0.10192469020841322
348,1.1136,-0.029887087684839955,0.0007696940078065692,0.10192469020841322
349,1.1168,-0.029887087684839955,0.0007696940078065692,0.10192469020841322
350,1.12,-0.029887087684839955,0.0007696940078065692,0.10192469020841322
351,1.1232,-0.029887087684839955,0.0007696940078065692,0.10192469020841322
352,1.1264,-0.029887087684839955,0.0007696940078065692,0.10192469020841322
353,1.1296,-0.029887087684839955,0.0007696940078065692,0.10192469020841322
354,1.1328,-0.029887087684839955,0.0007696940078065692,0.10192469020841322
355,1.1360000000000001,-0.029887087684839955,0.0007696940078065692,0.10192469020841322
356,1.1392,-0.029887087684839955,0.0007696940078065692,0.10192469020841322
357,1.1424,-0.029887087684839955,0.0007696940078065692,0.10192469020841322
358,1.1456000000000002,-0.029887087684839955,0.0007696940078065692,0.10192469020841322
359,1.1488000000000003,-0.029887087684839955,0.0007696940078065692,0.10192469020841322
360,1.1520000000000001,-0.029887087684839955,0.0007696940078065692,0.10192469020841322
361,1.1552000000000002,-0.029887087684839955,0.0007696940078065692,0.10192469020841322
362,1.1584,-0.029887087684839955,0.0007696940078065692,0.10192469020841322
363,1.1616000000000002,-0.029887087684839955,0.0007696940078065692,0.10192469020841322
364,1.1648000000000003,-0.029887087684839955,0.0007696940078065692,0.10192469020841322
365,1.1680000000000001,-0.029887087684839955,0.0007696940078065692,0.10192469020841322
366,1.1712000000000002,-0.029887087684839955,0.0007696940078065692,0.10192469020841322
367,1.1744,-0.029887087684839955,0.0007696940078065692,0.10192469020841322
368,1.1776000000000002,-0.029887087684839955,0.0007696940078065692,0.10192469020841322
369,1.1808,-0.029887087684839955,0.0007696940078065692,0.10192469020841322
370,1.1840000000000002,-0.029887087684839955,0.0007696940078065692,0.10192469020841322
371,1.1872000000000003,-0.029887087684839955,0.0007696940078065692,0.10192469020841322
372,1.1904000000000001,-0.029887087684839955,0.0007696940078065692,0.10192469020841322
373,1.1936000000000002,-0.029887087684839955,0.0007696940078065692,0.10192469020841322
374,1.1968,-0.029887087684839955,0.0007696940078065692,0.10192469020841322
375,1.2000000000000002,-0.029887087684839955,0.0007696940078065692,0.10192469020841322
376,1.2032000000000003,-0.029887087684839955,0.0007696940078065692,0.10192469020841322
377,1.2064000000000001,-0.029887087684839955,0.0007696940078065692,0.10192469020841322
378,1.2096000000000002,-0.029887087684839955,0.0007696940078065692,0.10192469020841322
379,1.2128,-0.029887087684839955,0.0007696940078065692,0.10192469020841322
380,1.2160000000000002,-0.029887087684839955,0.0007696940078065692,0.10192469020841322
381,1.2192000000000003,-0.029887087684839955,0.0007696940078065692,0.10192469020841322
382,1.2224000000000002,-0.029887087684839955,0.0007696940078065692,0.10192469020841322
383,1.2256000000000002,-0.029887087684839955,0.0007696940078065692,0.10192469020841322
384,1.2288000000000001,-0.029887087684839955,0.0007696940078065692,0.10192469020841322
385,1.2320000000000002,-0.029887087684839955,0.0007696940078065692,0.10192469020841322
386,1.2352,-0.029887087684839955,0.0007696940078065692,0.10192469020841322
387,1.2384000000000002,-0.029887087684839955,0.0007696940078065692,0.10192469020841322
388,1.2416000000000003,-0.029887087684839955,0.0007696940078065692,0.10192469020841322
389,1.2448000000000001,-0.029887087684839955,0.0007696940078065692,0.10192469020841322
390,1.2480000000000002,-0.029887087684839955,0.0007696940078065692,0.10192469020841322
391,1.2512,-0.029887087684839955,0.0007696940078065692,0.10192469020841322
392,1.2544000000000002,-0.029887087684839955,0.0007696940078065692,0.10192469020841322
393,1.2576000000000003,-0.029887087684839955,0.0007696940078065692,0.10192469020841322
394,1.2608000000000001,-0.029887087684839955,0.0007696940078065692,0.10192469020841322
395,1.2640000000000002,-0.029887087684839955,0.0007696940078065692,0.10192469020841322
396,1.2672,-0.029887087684839955,0.0007696940078065692,0.10192469020841322
397,1.2704000000000002,-0.029887087684839955,0.0007696940078065692,0.10192469020841322
398,1.2736,-0.029887087684839955,0.0007696940078065692,0.10192469020841322
399,1.2768000000000002,-0.029887087684839955,0.0007696940078065692,0.10192469020841322
400,1.2800000000000002,-0.029887087684839955,0.0007696940078065692,0.10192469020841322
401,1.2832000000000001,-0.029887087684839955,0.0007696940078065692,0.10192469020841322
402,1.2864000000000002,-0.029887087684839955,0.0007696940078065692,0.10192469020841322
403,1.2896,-0.029887087684839955,0.0007696940078065692,0.10192469020841322
404,1.2928000000000002,-0.029887087684839955,0.0007696940078065692,0.10192469020841322
405,1.2960000000000003,-0.029887087684839955,0.0007696940078065692,0.10192469020841322
406,1.2992000000000004,-0.029887087684839955,0.0007696940078065692,0.10192469020841322
407,1.3024000000000002,-0.029887087684839955,0.0007696940078065692,0.10192469020841322
408,1.3056000000000003,-0.029887087684839955,0.0007696940078065692,0.10192469020841322
409,1.3088000000000002,-0.029887087684839955,0.0007696940078065692,0.10192469020841322
410,1.3120000000000003,-0.029887087684839955,0.0007696940078065692,0.10192469020841322
411,1.3152000000000004,-0.029887087684839955,0.0007696940078065692,0.10192469020841322
412,1.3184000000000002,-0.029887087684839955,0.0007696940078065692,0.10192469020841322
413,1.3216000000000003,-0.029887087684839955,0.0007696940078065692,0.10192469020841322
414,1.3248000000000002,-0.029887087684839955,0.0007696940078065692,0.10192469020841322
415,1.3280000000000003,-0.029887087684839955,0.0007696940078065692,0.10192469020841322
416,1.3312000000000002,-0.029887087684839955,0.0007696940078065692,0.10192469020841322
417,1.3344000000000003,-0.029887087684839955,0.0007696940078065692,0.10192469020841322
418,1.3376000000000003,-0.029887087684839955,0.0007696940078065692,0.10192469020841322
419,1.3408000000000002,-0.029887087684839955,0.0007696940078065692,0.10192469020841322
420,1.3440000000000003,-0.029887087684839955,0.0007696940078065692,0.10192469020841322
421,1.3472000000000002,-0.029887087684839955,0.0007696940078065692,0.10192469020841322
422,1.3504000000000003,-0.029887087684839955,0.0007696940078065692,0.10192469020841322
423,1.3536000000000004,-0.029887087684839955,0.0007696940078065692,0.10192469020841322
424,1.3568000000000002,-0.029887087684839955,0.0007696940078065692,0.10192469020841322
425,1.3600000000000003,-0.029887087684839955,0.0007696940078065692,0.10192469020841322
426,1.3632000000000002,-0.029887087684839955,0.0007696940078065692,0.10192469020841322
427,1.3664000000000003,-0.029887087684839955,0.0007696940078065692,0.10192469020841322
428,1.3696000000000002,-0.029887087684839955,0.0007696940078065692,0.10192469020841322
429,1.3728000000000002,-0.029887087684839955,0.0007696940078065692,0.10192469020841322
430,1.3760000000000003,-0.029887087684839955,0.0007696940078065692,0.10192469020841322
431,1.3792000000000002,-0.029887087684839955,0.0007696940078065692,0.10192469020841322
432,1.3824000000000003,-0.029887087684839955,0.0007696940078065692,0.10192469020841322
433,1.3856000000000002,-0.029887087684839955,0.0007696940078065692,0.10192469020841322
434,1.3888000000000003,-0.029887087684839955,0.0007696940078065692,0.10192469020841322
435,1.3920000000000003,-0.029887087684839955,0.0007696940078065692,0.10192469020841322
436,1.3952000000000002,-0.029887087684839955,0.0007696940078065692,0.10192469020841322
437,1.3984000000000003,-0.029887087684839955,0.0007696940078065692,0.10192469020841322
438,1.4016000000000002,-0.029887087684839955,0.0007696940078065692,0.10192469020841322
439,1.4048000000000003,-0.029887087684839955,0.0007696940078065692,0.10192469020841322
440,1.4080000000000004,-0.029887087684839955,0.0007696940078065692,0.10192469020841322
441,1.4112000000000002,-0.029887087684839955,0.0007696940078065692,0.10192469020841322
442,1.4144000000000003,-0.029887087684839955,0.0007696940078065692,0.10192469020841322
443,1.4176000000000002,-0.029887087684839955,0.0007696940078065692,0.10192469020841322
444,1.4208000000000003,-0.029887087684839955,0.0007696940078065692,0.10192469020841322
445,1.4240000000000004,-0.029887087684839955,0.0007696940078065692,0.10192469020841322
446,1.4272000000000002,-0.029887087684839955,0.0007696940078065692,0.10192469020841322
447,1.4304000000000003,-0.029887087684839955,0.0007696940078065692,0.10192469020841322
448,1.4336000000000002,-0.029887087684839955,0.0007696940078065692,0.10192469020841322
449,1.4368000000000003,-0.029887087684839955,0.0007696940078065692,0.10192469020841322
450,1.4400000000000004,-0.029887087684839955,0.0007696940078065692,0.10192469020841322
451,1.4432000000000003,-0.029887087684839955,0.0007696940078065692,0.10192469020841322
452,1.4464000000000004,-0.029887087684839955,0.0007696940078065692,0.10192469020841322
453,1.4496000000000002,-0.029887087684839955,0.0007696940078065692,0.10192469020841322
454,1.4528000000000003,-0.029887087684839955,0.0007696940078065692,0.10192469020841322
455,1.4560000000000004,-0.029887087684839955,0.0007696940078065692,0.10192469020841322
456,1.4592000000000003,-0.029887087684839955,0.0007696940078065692,0.10192469020841322
457,1.4624000000000004,-0.029887087684839955,0.0007696940078065692,0.10192469020841322
458,1.4656000000000002,-0.029887087684839955,0.0007696940078065692,0.10192469020841322
459,1.4688000000000003,-0.029887087684839955,0.0007696940078065692,0.10192469020841322
460,1.4720000000000002,-0.029887087684839955,0.0007696940078065692,0.10192469020841322
461,1.4752000000000003,-0.029887087684839955,0.0007696940078065692,0.10192469020841322
462,1.4784000000000004,-0.029887087684839955,0.0007696940078065692,0.10192469020841322
463,1.4816000000000003,-0.029887087684839955,0.0007696940078065692,0.10192469020841322
464,1.4848000000000003,-0.029887087684839955,0.0007696940078065692,0.10192469020841322
465,1.4880000000000002,-0.029887087684839955,0.0007696940078065692,0.10192469020841322
466,1.4912000000000003,-0.029887087684839955,0.0007696940078065692,0.10192469020841322
467,1.4944000000000004,-0.029887087684839955,0.0007696940078065692,0.10192469020841322
468,1.4976000000000003,-0.029887087684839955,0.0007696940078065692,0.10192469020841322
469,1.5008000000000004,-0.029887087684839955,0.0007696940078065692,0.10192469020841322
470,1.5040000000000002,-0.029887087684839955,0.0007696940078065692,0.10192469020841322
471,1.5072000000000003,-0.029887087684839955,0.0007696940078065692,0.10192469020841322
472,1.5104000000000002,-0.029887087684839955,0.0007696940078065692,0.10192469020841322
473,1.5136000000000003,-0.029887087684839955,0.0007696940078065692,0.10192469020841322
474,1.5168000000000004,-0.029887087684839955,0.0007696940078065692,0.10192469020841322
475,1.5200000000000002,-0.029887087684839955,0.0007696940078065692,0.10192469020841322
476,1.5232000000000003,-0.029887087684839955,0.0007696940078065692,0.10192469020841322
477,1.5264000000000002,-0.029887087684839955,0.0007696940078065692,0.10192469020841322
478,1.5296000000000003,-0.029887087684839955,0.0007696940078065692,0.10192469020841322
479,1.5328000000000004,-0.029887087684839955,0.0007696940078065692,0.10192469020841322
480,1.5360000000000005,-0.029887087684839955,0.0007696940078065692,0.10192469020841322
481,1.5392000000000003,-0.029887087684839955,0.0007696940078065692,0.10192469020841322
482,1.5424000000000004,-0.029887087684839955,0.0007696940078065692,0.10192469020841322
483,1.5456000000000003,-0.029887087684839955,0.0007696940078065692,0.10192469020841322
484,1.5488000000000004,-0.029887087684839955,0.0007696940078065692,0.10192469020841322
485,1.5520000000000005,-0.029887087684839955,0.0007696940078065692,0.10192469020841322
486,1.5552000000000004,-0.029887087684839955,0.0007696940078065692,0.10192469020841322
487,1.5584000000000005,-0.029887087684839955,0.0007696940078065692,0.10192469020841322
488,1.5616000000000003,-0.029887087684839955,0.0007696940078065692,0.10192469020841322
489,1.5648000000000004,-0.029887087684839955,0.0007696940078065692,0.10192469020841322
490,1.5680000000000003,-0.029887087684839955,0.0007696940078065692,0.10192469020841322
491,1.5712000000000004,-0.029887087684839955,0.0007696940078065692,0.10192469020841322
492,1.5744000000000005,-0.029887087684839955,0.0007696940078065692,0.10192469020841322
493,1.5776000000000003,-0.029887087684839955,0.0007696940078065692,0.10192469020841322
494,1.5808000000000004,-0.029887087684839955,0.0007696940078065692,0.10192469020841322
495,1.5840000000000003,-0.029887087684839955,0.0007696940078065692,0.10192469020841322
496,1.5872000000000004,-0.029887087684839955,0.0007696940078065692,0.10192469020841322
497,1.5904000000000005,-0.029887087684839955,0.0007696940078065692,0.10192469020841322
498,1.5936000000000003,-0.029887087684839955,0.0007696940078065692,0.10192469020841322
499,1.5968000000000004,-0.029887087684839955,0.0007696940078065692,0.10192469020841322
500,1.6000000000000003,-0.029887087684839955,0.0007696940078065692,0.10192469020841322
501,1.6032000000000004,-0.029887087684839955,0.0007696940078065692,0.10192469020841322
502,1.6064000000000003,-0.029887087684839955,0.0007696940078065692,0.10192469020841322
503,1.6096000000000004,-0.029887087684839955,0.0007696940078065692,0.10192469020841322
504,1.6128000000000005,-0.029887087684839955,0.0007696940078065692,0.10192469020841322
505,1.6160000000000003,-0.029887087684839955,0.0007696940078065692,0.10192469020841322
506,1.6192000000000004,-0.029887087684839955,0.0007696940078065692,0.10192469020841322
507,1.6224000000000003,-0.029887087684839955,0.0007696940078065692,0.10192469020841322
508,1.6256000000000004,-0.029887087684839955,0.0007696940078065692,0.10192469020841322
509,1.6288000000000005,-0.029887087684839955,0.0007696940078065692,0.10192469020841322
510,1.6320000000000003,-0.029887087684839955,0.0007696940078065692,0.10192469020841322
511,1.6352000000000004,-0.029887087684839955,0.0007696940078065692,0.10192469020841322
512,1.6384000000000003,-0.029887087684839955,0.0007696940078065692,0.10192469020841322
513,1.6416000000000004,-0.029887087684839955,0.0007696940078065692,0.10192469020841322
514,1.6448000000000005,-0.029887087684839955,0.0007696940078065692,0.10192469020841322
515,1.6480000000000004,-0.029887087684839955,0.0007696940078065692,0.10192469020841322
516,1.6512000000000004,-0.029887087684839955,0.0007696940078065692,0.10192469020841322
517,1.6544000000000003,-0.029887087684839955,0.0007696940078065692,0.10192469020841322
518,1.6576000000000004,-0.029887087684839955,0.0007696940078065692,0.10192469020841322
519,1.6608000000000005,-0.029887087684839955,0.0007696940078065692,0.10192469020841322
520,1.6640000000000004,-0.029887087684839955,0.0007696940078065692,0.10192469020841322
521,1.6672000000000005,-0.029887087684839955,0.0007696940078065692,0.10192469020841322
522,1.6704000000000006,-0.029887087684839955,0.0007696940078065692,0.10192469020841322
523,1.6736000000000004,-0.029887087684839955,0.0007696940078065692,0.10192469020841322
524,1.6768000000000005,-0.029887087684839955,0.0007696940078065692,0.10192469020841322
525,1.6800000000000004,-0.029887087684839955,0.0007696940078065692,0.10192469020841322
526,1.6832000000000005,-0.029887087684839955,0.0007696940078065692,0.10192469020841322
527,1.6864000000000006,-0.029887087684839955,0.0007696940078065692,0.10192469020841322
528,1.6896000000000004,-0.029887087684839955,0.0007696940078065692,0.10192469020841322
529,1.6928000000000005,-0.029887087684839955,0.0007696940078065692,0.10192469020841322
530,1.6960000000000004,-0.029887087684839955,0.0007696940078065692,0.10192469020841322
531,1.6992000000000005,-0.029887087684839955,0.0007696940078065692,0.10192469020841322
532,1.7024000000000004,-0.029887087684839955,0.0007696940078065692,0.10192469020841322
533,1.7056000000000004,-0.029887087684839955,0.0007696940078065692,0.10192469020841322
534,1.7088000000000005,-0.029887087684839955,0.0007696940078065692,0.10192469020841322
535,1.7120000000000004,-0.029887087684839955,0.0007696940078065692,0.10192469020841322
536,1.7152000000000005,-0.029887087684839955,0.0007696940078065692,0.10192469020841322
537,1.7184000000000004,-0.029887087684839955,0.0007696940078065692,0.10192469020841322
538,1.7216000000000005,-0.029887087684839955,0.0007696940078065692,0.10192469020841322
539,1.7248000000000006,-0.029887087684839955,0.0007696940078065692,0.10192469020841322
540,1.7280000000000004,-0.029887087684839955,0.0007696940078065692,0.10192469020841322
541,1.7312000000000005,-0.029887087684839955,0.0007696940078065692,0.10192469020841322
542,1.7344000000000004,-0.029887087684839955,0.0007696940078065692,0.10192469020841322
543,1.7376000000000005,-0.029887087684839955,0.0007696940078065692,0.10192469020841322
544,1.7408000000000006,-0.029887087684839955,0.0007696940078065692,0.10192469020841322
545,1.7440000000000004,-0.029887087684839955,0.0007696940078065692,0.10192469020841322
546,1.7472000000000005,-0.029887087684839955,0.0007696940078065692,0.10192469020841322
547,1.7504000000000004,-0.029887087684839955,0.0007696940078065692,0.10192469020841322
548,1.7536000000000005,-0.029887087684839955,0.0007696940078065692,0.10192469020841322
549,1.7568000000000004,-0.029887087684839955,0.0007696940078065692,0.10192469020841322
550,1.7600000000000005,-0.029887087684839955,0.0007696940078065692,0.10192469020841322
551,1.7632000000000005,-0.029887087684839955,0.0007696940078065692,0.10192469020841322
552,1.7664000000000004,-0.029887087684839955,0.0007696940078065692,0.10192469020841322
553,1.7696000000000005,-0.029887087684839955,0.0007696940078065692,0.10192469020841322
554,1.7728000000000004,-0.029887087684839955,0.0007696940078065692,0.10192469020841322
555,1.7760000000000005,-0.029887087684839955,0.0007696940078065692,0.10192469020841322
556,1.7792000000000006,-0.029887087684839955,0.0007696940078065692,0.10192469020841322
557,1.7824000000000004,-0.029887087684839955,0.0007696940078065692,0.10192469020841322
558,1.7856000000000005,-0.029887087684839955,0.0007696940078065692,0.10192469020841322
559,1.7888000000000004,-0.029887087684839955,0.0007696940078065692,0.10192469020841322
560,1.7920000000000005,-0.029887087684839955,0.0007696940078065692,0.10192469020841322
561,1.7952000000000004,-0.029887087684839955,0.0007696940078065692,0.10192469020841322
562,1.7984000000000004,-0.029887087684839955,0.0007696940078065692,0.10192469020841322
563,1.8016000000000005,-0.029887087684839955,0.0007696940078065692,0.10192469020841322
564,1.8048000000000006,-0.029887087684839955,0.0007696940078065692,0.10192469020841322
565,1.8080000000000005,-0.029887087684839955,0.0007696940078065692,0.10192469020841322
566,1.8112000000000006,-0.029887087684839955,0.0007696940078065692,0.10192469020841322
567,1.8144000000000005,-0.029887087684839955,0.0007696940078065692,0.10192469020841322
568,1.8176000000000005,-0.029887087684839955,0.0007696940078065692,0.10192469020841322
569,1.8208000000000006,-0.029887087684839955,0.0007696940078065692,0.10192469020841322
570,1.8240000000000005,-0.029887087684839955,0.0007696940078065692,0.10192469020841322
571,1.8272000000000006,-0.029887087684839955,0.0007696940078065692,0.10192469020841322
572,1.8304000000000005,-0.029887087684839955,0.0007696940078065692,0.10192469020841322
573,1.8336000000000006,-0.029887087684839955,0.0007696940078065692,0.10192469020841322
574,1.8368000000000004,-0.029887087684839955,0.0007696940078065692,0.10192469020841322
575,1.8400000000000005,-0.029887087684839955,0.0007696940078065692,0.10192469020841322
576,1.8432000000000006,-0.029887087684839955,0.0007696940078065692,0.10192469020841322
577,1.8464000000000005,-0.029887087684839955,0.0007696940078065692,0.10192469020841322
578,1.8496000000000006,-0.029887087684839955,0.0007696940078065692,0.10192469020841322
579,1.8528000000000004,-0.029887087684839955,0.0007696940078065692,0.10192469020841322
580,1.8560000000000005,-0.029887087684839955,0.0007696940078065692,0.10192469020841322
581,1.8592000000000006,-0.029887087684839955,0.0007696940078065692,0.10192469020841322
582,1.8624000000000005,-0.029887087684839955,0.0007696940078065692,0.10192469020841322
583,1.8656000000000006,-0.029887087684839955,0.0007696940078065692,0.10192469020841322
584,1.8688000000000005,-0.029887087684839955,0.0007696940078065692,0.10192469020841322
585,1.8720000000000006,-0.029887087684839955,0.0007696940078065692,0.10192469020841322
586,1.8752000000000004,-0.029887087684839955,0.0007696940078065692,0.10192469020841322
587,1.8784000000000005,-0.029887087684839955,0.0007696940078065692,0.10192469020841322
588,1.8816000000000006,-0.029887087684839955,0.0007696940078065692,0.10192469020841322
589,1.8848000000000005,-0.029887087684839955,0.0007696940078065692,0.10192469020841322
590,1.8880000000000006,-0.029887087684839955,0.0007696940078065692,0.10192469020841322
591,1.8912000000000004,-0.029887087684839955,0.0007696940078065692,0.10192469020841322
592,1.8944000000000005,-0.029887087684839955,0.0007696940078065692,0.10192469020841322
593,1.8976000000000006,-0.029887087684839955,0.0007696940078065692,0.10192469020841322
594,1.9008000000000005,-0.029887087684839955,0.0007696940078065692,0.10192469020841322
595,1.9040000000000006,-0.029887087684839955,0.0007696940078065692,0.10192469020841322
596,1.9072000000000005,-0.029887087684839955,0.0007696940078065692,0.10192469020841322
597,1.9104000000000005,-0.029887087684839955,0.0007696940078065692,0.10192469020841322
598,1.9136000000000006,-0.029887087684839955,0.0007696940078065692,0.10192469020841322
599,1.9168000000000005,-0.029887087684839955,0.0007696940078065692,0.10192469020841322
600,1.9200000000000006,-0.029887087684839955,0.0007696940078065692,0.10192469020841322
Agent ID,3
Number of,601
0,0.0,-0.016630392375306703,-0.0063899633191352445,0.09813597202773335
1,0.0032,-0.016630386071585974,-0.006389936420212896,0.09813593223909603
2,0.0064,-0.016630341945540878,-0.006389748127756462,0.09813565371863477
3,0.009600000000000001,-0.016630222174847047,-0.006389237048231854,0.09813489773452565
4,0.0128,-0.016629988937180113,-0.006388241788104986,0.09813342555494473
5,0.016,-0.016629604410215704,-0.006386600953841771,0.09813099844806807
6,0.019200000000000002,-0.016629030771629458,-0.006384153151908122,0.09812737768207173
7,0.0224,-0.016628230199097,-0.006380736988769954,0.09812232452513181
8,0.0256,-0.01662716487029397,-0.006376191070893178,0.09811560024542434
9,0.028800000000000003,-0.016625796962895994,-0.006370354004743709,0.09810696611112542
10,0.032,-0.01662408865457871,-0.006363064396787459,0.0980961833904111
11,0.0352,-0.016622002123017742,-0.006354160853490342,0.09808301335145743
12,0.038400000000000004,-0.01661949954588873,-0.00634348198131827,0.09806721726244048
13,0.041600000000000005,-0.016616543100867298,-0.006330866386737159,0.09804855639153635
14,0.0448,-0.016613094965629085,-0.00631615267621292,0.09802679200692108
15,0.048,-0.016609117317849722,-0.006299179456211467,0.09800168537677073
16,0.0512,-0.016604572335204838,-0.006279785333198714,0.0979729977692614
17,0.054400000000000004,-0.016599422195370066,-0.006257808913640573,0.09794049045256911
18,0.057600000000000005,-0.01659362907602104,-0.0062330888040029574,0.09790392469486996
19,0.0608,-0.01658715515483339,-0.006205463610751781,0.09786306176434001
20,0.064,-0.016579962609482746,-0.006174771940352958,0.09781766292915531
21,0.06720000000000001,-0.016572013617644744,-0.0061408523992723995,0.09776748945749195
22,0.0704,-0.016563270356995015,-0.006103543593976021,0.09771230261752598
23,0.0736,-0.01655369500520919,-0.0060626841309297345,0.09765186367743348
24,0.07680000000000001,-0.016543249739962903,-0.006018112616599453,0.0975859339053905
25,0.08,-0.016531896738931785,-0.005969667657451091,0.09751427456957312
26,0.08320000000000001,-0.01651959817979147,-0.00591718785995056,0.0974366469381574
27,0.0864,-0.016506316240217585,-0.005860511830563776,0.09735281227931941
28,0.0896,-0.016492013097885765,-0.00579947817575665,0.09726253186123522
29,0.09280000000000001,-0.01647665093047164,-0.005733925501995096,0.09716556695208088
30,0.096,-0.016460191915650846,-0.005663692415745027,0.09706167882003247
31,0.09920000000000001,-0.016442598231099014,-0.005588617523472356,0.09695062873326607
32,0.1024,-0.01642383205449177,-0.005508539431642998,0.09683217795995772
33,0.1056,-0.016403868170946214,-0.005423350544567562,0.09670616734555813
34,0.10880000000000001,-0.01638273179534525,-0.005333158457935435,0.09657275604461661
35,0.112,-0.016360460750013243,-0.005238124565280706,0.09643218278895709
36,0.11520000000000001,-0.016337092857274565,-0.005138410260137464,0.09628468631040349
37,0.1184,-0.01631266593945359,-0.005034176936039794,0.09613050534077976
38,0.1216,-0.016287217818874673,-0.004925585986521784,0.09596987861190982
39,0.12480000000000001,-0.01626078631786219,-0.004812798805117517,0.09580304485561761
40,0.128,-0.01623340925874051,-0.0046959767853610845,0.09563024280372706
41,0.1312,-0.016205124463833997,-0.004575281320786568,0.0954517111880621
42,0.13440000000000002,-0.01617596975546702,-0.004450873804928059,0.09526768874044667
43,0.1376,-0.01614598295596395,-0.004322915631319641,0.09507841419270471
44,0.1408,-0.016115201887649155,-0.004191568193495405,0.09488412627666014
45,0.14400000000000002,-0.016083664372846997,-0.00405699288498943,0.0946850637241369
46,0.1472,-0.016051408233881848,-0.003919351099335811,0.09448146526695893
47,0.1504,-0.016018471293078075,-0.00377880423006863,0.09427356963695015
48,0.15360000000000001,-0.015984891372760046,-0.0036355136707219753,0.0940616155659345
49,0.1568,-0.01595070629525213,-0.0034896408148299314,0.0938458417857359
50,0.16,-0.015915953882878697,-0.0033413470559265886,0.09362648702817833
51,0.1632,-0.01588067195796411,-0.0031907937875460305,0.09340379002508567
52,0.16640000000000002,-0.01584489834283274,-0.003038142403222347,0.09317798950828188
53,0.1696,-0.015808670859808954,-0.0028835542964896193,0.09294932420959087
54,0.1728,-0.015772027331217124,-0.002727190860881943,0.09271803286083662
55,0.17600000000000002,-0.01573500557938161,-0.0025692134899333954,0.09248435419384302
56,0.1792,-0.015697643426626787,-0.0024097835771780714,0.092248526940434
57,0.1824,-0.015659978695277018,-0.0022490625161500485,0.09201078983243353
58,0.18560000000000001,-0.015622049207656672,-0.0020872117003834225,0.09177138160166554
59,0.1888,-0.01558389278609012,-0.0019243925234122723,0.09153054097995392
60,0.192,-0.015545547252901729,-0.0017607663787706923,0.09128850669912265
61,0.1952,-0.015507050430415866,-0.0015964946599927657,0.09104551749099565
62,0.19840000000000002,-0.015468440140956897,-0.001431738760612573,0.09080181208739684
63,0.2016,-0.015429754206849194,-0.001266660074164214,0.09055762922015016
64,0.2048,-0.015391030450417124,-0.0011014199941817666,0.09031320762107956
65,0.20800000000000002,-0.015206415489453215,-0.001013917759924582,0.09014712800361593
66,0.2112,-0.015021800528489304,-0.0009264155256673975,0.0899810483861523
67,0.2144,-0.014837185567525396,-0.000838913291410213,0.08981496876868868
68,0.21760000000000002,-0.014652570606561485,-0.0007514110571530284,0.08964888915122506
69,0.2208,-0.014467955645597576,-0.0006639088228958439,0.08948280953376143
70,0.224,-0.014283340684633668,-0.0005764065886386593,0.0893167299162978
71,0.2272,-0.014098725723669757,-0.0004889043543814748,0.08915065029883418
72,0.23040000000000002,-0.013914110762705848,-0.0004014021201242902,0.08898457068137056
73,0.2336,-0.013729495801741938,-0.00031389988586710566,0.08881849106390692
74,0.2368,-0.01354488084077803,-0.00022639765160992122,0.0886524114464433
75,0.24000000000000002,-0.01336026587981412,-0.00013889541735273656,0.08848633182897968
76,0.24320000000000003,-0.01317565091885021,-5.139318309555201e-05,0.08832025221151606
77,0.2464,-0.012991035957886301,3.610905116163254e-05,0.08815417259405242
78,0.24960000000000002,-0.01280642099692239,0.0001236112854188171,0.0879880929765888
79,0.2528,-0.012621806035958482,0.00021111351967600164,0.08782201335912518
80,0.256,-0.012437191074994573,0.0002986157539331862,0.08765593374166154
81,0.2592,-0.012252576114030663,0.0003861179881903705,0.08748985412419792
82,0.2624,-0.012067961153066752,0.0004736202224475553,0.0873237745067343
83,0.2656,-0.011883346192102844,0.0005611224567047398,0.08715769488927066
84,0.26880000000000004,-0.011698731231138935,0.0006486246909619242,0.08699161527180704
85,0.272,-0.011514116270175024,0.0007361269252191089,0.08682553565434342
86,0.2752,-0.011329501309211116,0.0008236291594762935,0.0866594560368798
87,0.2784,-0.011144886348247205,0.000911131393733478,0.08649337641941617
88,0.2816,-0.010960271387283296,0.0009986336279906626,0.08632729680195254
89,0.2848,-0.010775656426319388,0.0010861358622478471,0.08616121718448892
90,0.28800000000000003,-0.010591041465355479,0.0011736380965050317,0.08599513756702529
91,0.2912,-0.010406426504391568,0.0012611403307622162,0.08582905794956167
92,0.2944,-0.010221811543427658,0.0013486425650194008,0.08566297833209804
93,0.29760000000000003,-0.010037196582463749,0.0014361447992765853,0.08549689871463442
94,0.3008,-0.00985258162149984,0.0015236470335337699,0.08533081909717079
95,0.30400000000000005,-0.009667966660535932,0.001611149267790954,0.08516473947970717
96,0.30720000000000003,-0.009483351699572021,0.001698651502048139,0.08499865986224354
97,0.3104,-0.00929873673860811,0.0017861537363053235,0.08483258024477991
98,0.3136,-0.009114121777644202,0.0018736559705625076,0.08466650062731629
99,0.3168,-0.008929506816680293,0.0019611582048196926,0.08450042100985267
100,0.32,-0.008744891855716383,0.002048660439076877,0.08433434139238905
101,0.32320000000000004,-0.008560276894752474,0.0021361626733340613,0.08416826177492541
102,0.3264,-0.008375661933788563,0.0022236649075912463,0.08400218215746179
103,0.3296,-0.008191046972824655,0.002311167141848431,0.08383610253999817
104,0.3328,-0.008006432011860746,0.002398669376105615,0.08367002292253453
105,0.336,-0.007821817050896837,0.0024861716103628,0.08350394330507091
106,0.33920000000000006,-0.007637202089932926,0.0025736738446199845,0.08333786368760729
107,0.34240000000000004,-0.007452587128969018,0.0026611760788771686,0.08317178407014367
108,0.3456,-0.007267972168005107,0.0027486783131343536,0.08300570445268003
109,0.3488,-0.007083357207041197,0.002836180547391538,0.08283962483521641
110,0.352,-0.006898742246077288,0.0029236827816487227,0.08267354521775279
111,0.3552,-0.006714127285113379,0.0030111850159059072,0.08250746560028915
112,0.35840000000000005,-0.006529512324149469,0.0030986872501630918,0.08234138598282553
113,0.36160000000000003,-0.00634489736318556,0.0031861894844202763,0.08217530636536191
114,0.3648,-0.006160282402221651,0.003273691718677461,0.08200922674789829
115,0.368,-0.005975667441257743,0.0033611939529346454,0.08184314713043465
116,0.3712,-0.005791052480293832,0.00344869618719183,0.08167706751297103
117,0.37439999999999996,-0.005591066219720089,0.003436262272338833,0.08155829445796661
118,0.3776,-0.0053910799591463466,0.003423828357485836,0.08143952140296219
119,0.38079999999999997,-0.005191093698572603,0.003411394442632839,0.08132074834795777
120,0.38399999999999995,-0.004991107437998861,0.0033989605277798423,0.08120197529295337
121,0.3872,-0.004791121177425119,0.0033865266129268455,0.08108320223794895
122,0.39039999999999997,-0.004591134916851375,0.0033740926980738483,0.08096442918294453
123,0.39359999999999995,-0.004391148656277632,0.0033616587832208515,0.0808456561279401
124,0.3968,-0.00419116239570389,0.0033492248683678547,0.08072688307293568
125,0.39999999999999997,-0.003991176135130147,0.0033367909535148574,0.08060811001793128
126,0.4032,-0.0037911898745564042,0.0033243570386618606,0.08048933696292686
127,0.4064,-0.003591203613982661,0.003311923123808864,0.08037056390792244
128,0.40959999999999996,-0.003391217353408918,0.0032994892089558666,0.08025179085291802
129,0.4128,-0.0031912310928351754,0.0032870552941028698,0.0801330177979136
130,0.416,-0.002991244832261432,0.003274621379249873,0.08001424474290918
131,0.41919999999999996,-0.0027912585716876894,0.003262187464396876,0.07989547168790476
132,0.4224,-0.002591272311113947,0.003249753549543879,0.07977669863290035
133,0.4256,-0.002391286050540204,0.003237319634690882,0.07965792557789593
134,0.42879999999999996,-0.0021912997899664615,0.0032248857198378853,0.07953915252289151
135,0.432,-0.0019913135293927182,0.003212451804984888,0.07942037946788709
136,0.4352,-0.0017913272688189763,0.0032000178901318913,0.07930160641288267
137,0.4384,-0.001591341008245233,0.0031875839752788944,0.07918283335787826
138,0.4416,-0.0013913547476714899,0.0031751500604258976,0.07906406030287384
139,0.4448,-0.0011913684870977475,0.0031627161455729004,0.07894528724786942
140,0.44799999999999995,-0.0009913822265240043,0.0031502822307199036,0.078826514192865
141,0.4512,-0.000791395965950261,0.003137848315866907,0.07870774113786058
142,0.45439999999999997,-0.0005914097053765187,0.0031254144010139095,0.07858896808285616
143,0.4576,-0.00039142344480277546,0.0031129804861609127,0.07847019502785174
144,0.4608,-0.00019143718422903223,0.003100546571307916,0.07835142197284733
145,0.46399999999999997,8.549076344710124e-06,0.0030881126564549187,0.07823264891784291
146,0.46719999999999995,0.00020853533691845335,0.003075678741601922,0.0781138758628385
147,0.4704,0.0004085215974921957,0.003063244826748925,0.07799510280783407
148,0.47359999999999997,0.0006085078580659381,0.0030508109118959283,0.07787632975282965
149,0.4768,0.0008084941186396813,0.003038376997042931,0.07775755669782525
150,0.48,0.0010084803792134245,0.0030259430821899342,0.07763878364282083
151,0.48319999999999996,0.001208466639787166,0.0030135091673369374,0.07752001058781641
152,0.4864,0.0014084529003609092,0.0030010752524839406,0.07740123753281199
153,0.4896,0.0016084391609346525,0.0029886413376309434,0.07728246447780757
154,0.49279999999999996,0.0018084254215083957,0.0029762074227779466,0.07716369142280315
155,0.496,0.002008411682082139,0.0029637735079249498,0.07704491836779873
156,0.4992,0.0022083979426558795,0.0029513395930719525,0.07692614531279432
157,0.5024,0.0024083842032296236,0.0029389056782189557,0.0768073722577899
158,0.5056,0.002608370463803366,0.002926471763365959,0.07668859920278548
159,0.5087999999999999,0.00280835672437711,0.0029140378485129617,0.07656982614778106
160,0.512,0.0030083429849508524,0.002901603933659965,0.07645105309277664
161,0.5152,0.0032083292455245965,0.002889170018806968,0.07633228003777223
162,0.5184,0.003408315506098337,0.0028767361039539713,0.07621350698276781
163,0.5216,0.0036083017666720812,0.002864302189100974,0.07609473392776339
164,0.5247999999999999,0.0038082880272458236,0.0028518682742479772,0.07597596087275897
165,0.5279999999999999,0.004030464216879685,0.002841396411384402,0.07585940561427856
166,0.5311999999999999,0.004252640406513547,0.002830924548520827,0.07574285035579817
167,0.5344,0.004474816596147409,0.0028204526856572517,0.07562629509731776
168,0.5376,0.0046969927857812704,0.0028099808227936766,0.07550973983883737
169,0.5408,0.004919168975415132,0.0027995089599301016,0.07539318458035696
170,0.5439999999999999,0.005141345165048994,0.0027890370970665265,0.07527662932187656
171,0.5471999999999999,0.005363521354682856,0.002778565234202951,0.07516007406339616
172,0.5503999999999999,0.005585697544316717,0.002768093371339376,0.07504351880491575
173,0.5536,0.005807873733950579,0.002757621508475801,0.07492696354643535
174,0.5568,0.006030049923584441,0.002747149645612226,0.07481040828795495
175,0.5599999999999999,0.006252226113218302,0.0027366777827486505,0.07469385302947455
176,0.5631999999999999,0.006474402302852163,0.0027262059198850754,0.07457729777099414
177,0.5663999999999999,0.006696578492486025,0.0027157340570215004,0.07446074251251374
178,0.5695999999999999,0.006918754682119887,0.0027052621941579254,0.07434418725403334
179,0.5728,0.007140930871753748,0.00269479033129435,0.07422763199555293
180,0.576,0.00736310706138761,0.002684318468430775,0.07411107673707254
181,0.5791999999999999,0.007585283251021472,0.0026738466055672,0.07399452147859213
182,0.5823999999999999,0.0078074594406553335,0.0026633747427036248,0.07387796622011174
183,0.5855999999999999,0.008029635630289196,0.0026529028798400493,0.07376141096163133
184,0.5888,0.008251811819923058,0.0026424310169764743,0.07364485570315092
185,0.592,0.00847398800955692,0.002631959154112899,0.07352830044467053
186,0.5952,0.008696164199190781,0.002621487291249324,0.07341174518619012
187,0.5983999999999999,0.008918340388824643,0.002611015428385749,0.07329518992770973
188,0.6015999999999999,0.009140516578458503,0.0026005435655221737,0.07317863466922932
189,0.6047999999999999,0.009362692768092365,0.0025900717026585986,0.07306207941074891
190,0.608,0.009584868957726226,0.0025795998397950236,0.07294552415226851
191,0.6112,0.009807045147360088,0.0025691279769314485,0.0728289688937881
192,0.6144,0.01002922133699395,0.002558656114067873,0.07271241363530771
193,0.6175999999999999,0.010251397526627811,0.002548184251204298,0.0725958583768273
194,0.6207999999999999,0.010473573716261673,0.002537712388340723,0.07247930311834691
195,0.6239999999999999,0.010695749905895535,0.002527240525477148,0.0723627478598665
196,0.6272,0.010917926095529397,0.0025167686626135725,0.0722461926013861
197,0.6304,0.011140102285163257,0.0025062967997499974,0.0721296373429057
198,0.6335999999999999,0.01136227847479712,0.0024958249368864224,0.07201308208442529
199,0.6367999999999999,0.011584454664430983,0.0024853530740228474,0.0718965268259449
200,0.6399999999999999,0.011806630854064843,0.0024748812111592723,0.07177997156746449
201,0.6432,0.012028807043698703,0.002464409348295697,0.0716634163089841
202,0.6464,0.012250983233332567,0.002453937485432122,0.07154686105050369
203,0.6496,0.012473159422966429,0.0024434656225685468,0.07143030579202328
204,0.6527999999999999,0.01269533561260029,0.0024329937597049717,0.07131375053354289
205,0.6559999999999999,0.01291751180223415,0.0024225218968413962,0.07119719527506248
206,0.6592,0.013139687991868014,0.002412050033977821,0.07108064001658208
207,0.6624,0.013361864181501874,0.002401578171114246,0.07096408475810168
208,0.6656,0.013396718908622656,0.0024013678758833023,0.07103999051034067
209,0.6688,0.013431573635743438,0.0024011575806523583,0.07111589626257968
210,0.672,0.01346642836286422,0.0024009472854214144,0.07119180201481867
211,0.6752,0.013501283089985003,0.002400736990190471,0.07126770776705768
212,0.6784,0.013536137817105786,0.002400526694959527,0.07134361351929668
213,0.6816,0.013570992544226567,0.002400316399728583,0.07141951927153568
214,0.6848,0.01360584727134735,0.002400106104497639,0.07149542502377468
215,0.688,0.013640701998468133,0.0023998958092666953,0.07157133077601369
216,0.6912,0.013675556725588916,0.0023996855140357514,0.07164723652825268
217,0.6944,0.013710411452709697,0.0023994752188048075,0.07172314228049169
218,0.6976,0.01374526617983048,0.002399264923573864,0.07179904803273068
219,0.7008,0.013780120906951262,0.00239905462834292,0.07187495378496969
220,0.704,0.013814975634072043,0.002398844333111976,0.07195085953720869
221,0.7071999999999999,0.013849830361192826,0.0023986340378810323,0.0720267652894477
222,0.7104,0.013884685088313609,0.0023984237426500883,0.07210267104168669
223,0.7136,0.013919539815434392,0.0023982134474191444,0.0721785767939257
224,0.7168,0.013954394542555173,0.0023980031521882005,0.07225448254616469
225,0.72,0.013989249269675956,0.0023977928569572566,0.0723303882984037
226,0.7232,0.014024103996796738,0.002397582561726313,0.0724062940506427
227,0.7263999999999999,0.01405895872391752,0.0023973722664953692,0.0724821998028817
228,0.7296,0.014093813451038302,0.0023971619712644253,0.0725581055551207
229,0.7328,0.014128668178159085,0.0023969516760334814,0.0726340113073597
230,0.736,0.014163522905279868,0.0023967413808025375,0.0727099170595987
231,0.7392,0.014198377632400649,0.0023965310855715936,0.07278582281183771
232,0.7424,0.014233232359521432,0.0023963207903406497,0.0728617285640767
233,0.7456,0.014268087086642215,0.002396110495109706,0.07293763431631571
234,0.7488,0.014302941813762998,0.0023959001998787623,0.0730135400685547
235,0.752,0.014337796540883779,0.0023956899046478184,0.07308944582079371
236,0.7552,0.014372651268004561,0.0023954796094168744,0.07316535157303271
237,0.7584,0.014407505995125344,0.0023952693141859305,0.07324125732527172
238,0.7616,0.014442360722246125,0.0023950590189549866,0.07331716307751071
239,0.7648,0.014477215449366908,0.0023948487237240427,0.07339306882974972
240,0.768,0.014512070176487691,0.0023946384284930992,0.07346897458198871
241,0.7712,0.014546924903608474,0.0023944281332621553,0.07354488033422772
242,0.7744,0.014581779630729255,0.0023942178380312114,0.07362078608646672
243,0.7776,0.014616634357850038,0.0023940075428002675,0.07369669183870572
244,0.7807999999999999,0.01465148908497082,0.0023937972475693236,0.07377259759094472
245,0.784,0.014686343812091603,0.0023935869523383797,0.07384850334318373
246,0.7872,0.014721198539212384,0.0023933766571074357,0.07392440909542272
247,0.7904,0.014756053266333167,0.002393166361876492,0.07400031484766173
248,0.7936,0.01479090799345395,0.0023929560666455484,0.07407622059990072
249,0.7968,0.014825762720574731,0.0023927457714146044,0.07415212635213973
250,0.8,0.014860617447695514,0.0023925354761836605,0.07422803210437873
251,0.8032,0.014895472174816297,0.0023923251809527166,0.07430393785661774
252,0.8064,0.01493032690193708,0.0023921148857217727,0.07437984360885673
253,0.8096,0.01496518162905786,0.002391904590490829,0.07445574936109574
254,0.8128,0.015000036356178643,0.002391694295259885,0.07453165511333473
255,0.8160000000000001,0.015034891083299426,0.0023914840000289414,0.07460756086557374
256,0.8191999999999999,0.015069745810420209,0.0023912737047979975,0.07468346661781274
257,0.8224,0.01510460053754099,0.0023910634095670536,0.07475937237005173
258,0.8256,0.015139455264661773,0.0023908531143361097,0.07483527812229074
259,0.8288,0.015109127588758089,0.0024222545943818155,0.07495868197804775
260,0.832,0.015078799912854405,0.0024536560744275212,0.07508208583380475
261,0.8352,0.015048472236950721,0.002485057554473227,0.07520548968956177
262,0.8384,0.015018144561047038,0.0025164590345189333,0.07532889354531877
263,0.8416,0.014987816885143355,0.002547860514564639,0.07545229740107579
264,0.8448,0.014957489209239672,0.002579261994610345,0.0755757012568328
265,0.848,0.014927161533335988,0.0026106634746560506,0.0756991051125898
266,0.8512,0.014896833857432304,0.0026420649547017564,0.07582250896834682
267,0.8544,0.01486650618152862,0.002673466434747462,0.07594591282410382
268,0.8576,0.014836178505624936,0.002704867914793168,0.07606931667986083
269,0.8608,0.014805850829721252,0.0027362693948388738,0.07619272053561783
270,0.864,0.014775523153817569,0.00276767087488458,0.07631612439137485
271,0.8672,0.014745195477913885,0.002799072354930286,0.07643952824713186
272,0.8704,0.0147148678020102,0.0028304738349759916,0.07656293210288886
273,0.8736,0.014684540126106517,0.0028618753150216974,0.07668633595864588
274,0.8768,0.014654212450202835,0.002893276795067403,0.07680973981440288
275,0.88,0.014623884774299151,0.002924678275113109,0.0769331436701599
276,0.8832,0.014593557098395467,0.002956079755158815,0.07705654752591691
277,0.8864,0.014563229422491783,0.002987481235204521,0.07717995138167391
278,0.8896,0.0145329017465881,0.0030188827152502267,0.07730335523743093
279,0.8928,0.014502574070684416,0.0030502841952959325,0.07742675909318793
280,0.896,0.014472246394780732,0.0030816856753416383,0.07755016294894494
281,0.8992,0.014441918718877048,0.003113087155387344,0.07767356680470194
282,0.9024,0.014411591042973364,0.00314448863543305,0.07779697066045896
283,0.9056,0.014381263367069682,0.0031758901154787557,0.07792037451621597
284,0.9088,0.014350935691165998,0.0032072915955244615,0.07804377837197297
285,0.912,0.014320608015262314,0.0032386930755701673,0.07816718222772999
286,0.9152,0.01429028033935863,0.0032700945556158735,0.07829058608348699
287,0.9184,0.014259952663454947,0.0033014960356615793,0.078413989939244
288,0.9216,0.014229624987551263,0.003332897515707285,0.07853739379500102
289,0.9248000000000001,0.014199297311647579,0.003364298995752991,0.07866079765075802
290,0.928,0.014168969635743895,0.003395700475798697,0.07878420150651504
291,0.9312,0.014138641959840211,0.003427101955844403,0.07890760536227204
292,0.9344,0.014108314283936527,0.0034585034358901087,0.07903100921802905
293,0.9376,0.014077986608032843,0.0034899049159358144,0.07915441307378607
294,0.9408,0.01404765893212916,0.0035213063959815202,0.07927781692954307
295,0.944,0.014017331256225478,0.003552707876027226,0.07940122078530008
296,0.9472,0.013987003580321794,0.003584109356072932,0.07952462464105708
297,0.9504,0.01395667590441811,0.0036155108361186376,0.0796480284968141
298,0.9536,0.013926348228514426,0.0036469123161643434,0.07977143235257111
299,0.9568,0.013896020552610742,0.003678313796210049,0.07989483620832812
300,0.96,0.013865692876707058,0.003709715276255755,0.08001824006408513
301,0.9632000000000001,0.013835365200803374,0.0037411167563014608,0.08014164391984213
302,0.9664,0.01380503752489969,0.003772518236347167,0.08026504777559915
303,0.9696,0.013774709848996008,0.0038039197163928728,0.08038845163135615
304,0.9728,0.013744382173092325,0.003835321196438579,0.08051185548711316
305,0.976,0.01371405449718864,0.0038667226764842848,0.08063525934287018
306,0.9792000000000001,0.013683726821284957,0.0038981241565299906,0.08075866319862718
307,0.9823999999999999,0.013653399145381273,0.003929525636575696,0.0808820670543842
308,0.9856,0.01362307146947759,0.003960927116621402,0.0810054709101412
309,0.9888,0.013592743793573905,0.003992328596667108,0.08112887476589821
310,0.992,0.013592743793573905,0.003992328596667108,0.08112887476589821
311,0.9952,0.013592743793573905,0.003992328596667108,0.08112887476589821
312,0.9984000000000001,0.013592743793573905,0.003992328596667108,0.08112887476589821
313,1.0016,0.013592743793573905,0.003992328596667108,0.08112887476589821
314,1.0048,0.013592743793573905,0.003992328596667108,0.08112887476589821
315,1.008,0.013592743793573905,0.003992328596667108,0.08112887476589821
316,1.0112,0.013592743793573905,0.003992328596667108,0.08112887476589821
317,1.0144,0.013592743793573905,0.003992328596667108,0.08112887476589821
318,1.0176,0.013592743793573905,0.003992328596667108,0.08112887476589821
319,1.0208,0.013592743793573905,0.003992328596667108,0.08112887476589821
320,1.024,0.013592743793573905,0.003992328596667108,0.08112887476589821
321,1.0272000000000001,0.013592743793573905,0.003992328596667108,0.08112887476589821
322,1.0304,0.013592743793573905,0.003992328596667108,0.08112887476589821
323,1.0336,0.013592743793573905,0.003992328596667108,0.08112887476589821
324,1.0368,0.013592743793573905,0.003992328596667108,0.08112887476589821
325,1.04,0.013592743793573905,0.003992328596667108,0.08112887476589821
326,1.0432000000000001,0.013592743793573905,0.003992328596667108,0.08112887476589821
327,1.0464,0.013592743793573905,0.003992328596667108,0.08112887476589821
328,1.0496,0.013592743793573905,0.003992328596667108,0.08112887476589821
329,1.0528,0.013592743793573905,0.003992328596667108,0.08112887476589821
330,1.056,0.013592743793573905,0.003992328596667108,0.08112887476589821
331,1.0592,0.013592743793573905,0.003992328596667108,0.08112887476589821
332,1.0624,0.013592743793573905,0.003992328596667108,0.08112887476589821
333,1.0656,0.013592743793573905,0.003992328596667108,0.08112887476589821
334,1.0688,0.013592743793573905,0.003992328596667108,0.08112887476589821
335,1.072,0.013592743793573905,0.003992328596667108,0.08112887476589821
336,1.0752,0.013592743793573905,0.003992328596667108,0.08112887476589821
337,1.0784,0.013592743793573905,0.003992328596667108,0.08112887476589821
338,1.0816000000000001,0.013592743793573905,0.003992328596667108,0.08112887476589821
339,1.0848,0.013592743793573905,0.003992328596667108,0.08112887476589821
340,1.088,0.013592743793573905,0.003992328596667108,0.08112887476589821
341,1.0912,0.013592743793573905,0.003992328596667108,0.08112887476589821
342,1.0944,0.013592743793573905,0.003992328596667108,0.08112887476589821
343,1.0976,0.013592743793573905,0.003992328596667108,0.08112887476589821
344,1.1008,0.013592743793573905,0.003992328596667108,0.08112887476589821
345,1.104,0.013592743793573905,0.003992328596667108,0.08112887476589821
346,1.1072,0.013592743793573905,0.003992328596667108,0.08112887476589821
347,1.1104,0.013592743793573905,0.003992328596667108,0.08112887476589821
348,1.1136,0.013592743793573905,0.003992328596667108,0.08112887476589821
349,1.1168,0.013592743793573905,0.003992328596667108,0.08112887476589821
350,1.12,0.013592743793573905,0.003992328596667108,0.08112887476589821
351,1.1232,0.013592743793573905,0.003992328596667108,0.08112887476589821
352,1.1264,0.013592743793573905,0.003992328596667108,0.08112887476589821
353,1.1296,0.013592743793573905,0.003992328596667108,0.08112887476589821
354,1.1328,0.013592743793573905,0.003992328596667108,0.08112887476589821
355,1.1360000000000001,0.013592743793573905,0.003992328596667108,0.08112887476589821
356,1.1392,0.013592743793573905,0.003992328596667108,0.08112887476589821
357,1.1424,0.013592743793573905,0.003992328596667108,0.08112887476589821
358,1.1456000000000002,0.013592743793573905,0.003992328596667108,0.08112887476589821
359,1.1488000000000003,0.013592743793573905,0.003992328596667108,0.08112887476589821
360,1.1520000000000001,0.013592743793573905,0.003992328596667108,0.08112887476589821
361,1.1552000000000002,0.013592743793573905,0.003992328596667108,0.08112887476589821
362,1.1584,0.013592743793573905,0.003992328596667108,0.08112887476589821
363,1.1616000000000002,0.013592743793573905,0.003992328596667108,0.08112887476589821
364,1.1648000000000003,0.013592743793573905,0.003992328596667108,0.08112887476589821
365,1.1680000000000001,0.013592743793573905,0.003992328596667108,0.08112887476589821
366,1.1712000000000002,0.013592743793573905,0.003992328596667108,0.08112887476589821
367,1.1744,0.013592743793573905,0.003992328596667108,0.08112887476589821
368,1.1776000000000002,0.013592743793573905,0.003992328596667108,0.08112887476589821
369,1.1808,0.013592743793573905,0.003992328596667108,0.08112887476589821
370,1.1840000000000002,0.013592743793573905,0.003992328596667108,0.08112887476589821
371,1.1872000000000003,0.013592743793573905,0.003992328596667108,0.08112887476589821
372,1.1904000000000001,0.013592743793573905,0.003992328596667108,0.08112887476589821
373,1.1936000000000002,0.013592743793573905,0.003992328596667108,0.08112887476589821
374,1.1968,0.013592743793573905,0.003992328596667108,0.08112887476589821
375,1.2000000000000002,0.013592743793573905,0.003992328596667108,0.08112887476589821
376,1.2032000000000003,0.013592743793573905,0.003992328596667108,0.08112887476589821
377,1.2064000000000001,0.013592743793573905,0.003992328596667108,0.08112887476589821
378,1.2096000000000002,0.013592743793573905,0.003992328596667108,0.08112887476589821
379,1.2128,0.013592743793573905,0.003992328596667108,0.08112887476589821
380,1.2160000000000002,0.013592743793573905,0.003992328596667108,0.08112887476589821
381,1.2192000000000003,0.013592743793573905,0.003992328596667108,0.08112887476589821
382,1.2224000000000002,0.013592743793573905,0.003992328596667108,0.08112887476589821
383,1.2256000000000002,0.013592743793573905,0.003992328596667108,0.08112887476589821
384,1.2288000000000001,0.013592743793573905,0.003992328596667108,0.08112887476589821
385,1.2320000000000002,0.013592743793573905,0.003992328596667108,0.08112887476589821
386,1.2352,0.013592743793573905,0.003992328596667108,0.08112887476589821
387,1.2384000000000002,0.013592743793573905,0.003992328596667108,0.08112887476589821
388,1.2416000000000003,0.013592743793573905,0.003992328596667108,0.08112887476589821
389,1.2448000000000001,0.013592743793573905,0.003992328596667108,0.08112887476589821
390,1.2480000000000002,0.013592743793573905,0.003992328596667108,0.08112887476589821
391,1.2512,0.013592743793573905,0.003992328596667108,0.08112887476589821
392,1.2544000000000002,0.013592743793573905,0.003992328596667108,0.08112887476589821
393,1.2576000000000003,0.013592743793573905,0.003992328596667108,0.08112887476589821
394,1.2608000000000001,0.013592743793573905,0.003992328596667108,0.08112887476589821
395,1.2640000000000002,0.013592743793573905,0.003992328596667108,0.08112887476589821
396,1.2672,0.013592743793573905,0.003992328596667108,0.08112887476589821
397,1.2704000000000002,0.013592743793573905,0.003992328596667108,0.08112887476589821
398,1.2736,0.013592743793573905,0.003992328596667108,0.08112887476589821
399,1.2768000000000002,0.013592743793573905,0.003992328596667108,0.08112887476589821
400,1.2800000000000002,0.013592743793573905,0.003992328596667108,0.08112887476589821
401,1.2832000000000001,0.013592743793573905,0.003992328596667108,0.08112887476589821
402,1.2864000000000002,0.013592743793573905,0.003992328596667108,0.08112887476589821
403,1.2896,0.013592743793573905,0.003992328596667108,0.08112887476589821
404,1.2928000000000002,0.013592743793573905,0.003992328596667108,0.08112887476589821
405,1.2960000000000003,0.013592743793573905,0.003992328596667108,0.08112887476589821
406,1.2992000000000004,0.013592743793573905,0.003992328596667108,0.08112887476589821
407,1.3024000000000002,0.013592743793573905,0.003992328596667108,0.08112887476589821
408,1.3056000000000003,0.013592743793573905,0.003992328596667108,0.08112887476589821
409,1.3088000000000002,0.013592743793573905,0.003992328596667108,0.08112887476589821
410,1.3120000000000003,0.013592743793573905,0.003992328596667108,0.08112887476589821
411,1.3152000000000004,0.013592743793573905,0.003992328596667108,0.08112887476589821
412,1.3184000000000002,0.013592743793573905,0.003992328596667108,0.08112887476589821
413,1.3216000000000003,0.013592743793573905,0.003992328596667108,0.08112887476589821
414,1.3248000000000002,0.013592743793573905,0.003992328596667108,0.08112887476589821
415,1.3280000000000003,0.013592743793573905,0.003992328596667108,0.08112887476589821
416,1.3312000000000002,0.013592743793573905,0.003992328596667108,0.08112887476589821
417,1.3344000000000003,0.013592743793573905,0.003992328596667108,0.08112887476589821
418,1.3376000000000003,0.013592743793573905,0.003992328596667108,0.08112887476589821
419,1.3408000000000002,0.013592743793573905,0.003992328596667108,0.08112887476589821
420,1.3440000000000003,0.013592743793573905,0.003992328596667108,0.08112887476589821
421,1.3472000000000002,0.013592743793573905,0.003992328596667108,0.08112887476589821
422,1.3504000000000003,0.013592743793573905,0.003992328596667108,0.08112887476589821
423,1.3536000000000004,0.013592743793573905,0.003992328596667108,0.08112887476589821
424,1.3568000000000002,0.013592743793573905,0.003992328596667108,0.08112887476589821
425,1.3600000000000003,0.013592743793573905,0.003992328596667108,0.08112887476589821
426,1.3632000000000002,0.013592743793573905,0.003992328596667108,0.08112887476589821
427,1.3664000000000003,0.013592743793573905,0.003992328596667108,0.08112887476589821
428,1.3696000000000002,0.013592743793573905,0.003992328596667108,0.08112887476589821
429,1.3728000000000002,0.013592743793573905,0.003992328596667108,0.08112887476589821
430,1.3760000000000003,0.013592743793573905,0.003992328596667108,0.08112887476589821
431,1.3792000000000002,0.013592743793573905,0.003992328596667108,0.08112887476589821
432,1.3824000000000003,0.013592743793573905,0.003992328596667108,0.08112887476589821
433,1.3856000000000002,0.013592743793573905,0.003992328596667108,0.08112887476589821
434,1.3888000000000003,0.013592743793573905,0.003992328596667108,0.08112887476589821
435,1.3920000000000003,0.013592743793573905,0.003992328596667108,0.08112887476589821
436,1.3952000000000002,0.013592743793573905,0.003992328596667108,0.08112887476589821
437,1.3984000000000003,0.013592743793573905,0.003992328596667108,0.08112887476589821
438,1.4016000000000002,0.013592743793573905,0.003992328596667108,0.08112887476589821
439,1.4048000000000003,0.013592743793573905,0.003992328596667108,0.08112887476589821
440,1.4080000000000004,0.013592743793573905,0.003992328596667108,0.08112887476589821
441,1.4112000000000002,0.013592743793573905,0.003992328596667108,0.08112887476589821
442,1.4144000000000003,0.013592743793573905,0.003992328596667108,0.08112887476589821
443,1.4176000000000002,0.013592743793573905,0.003992328596667108,0.08112887476589821
444,1.4208000000000003,0.013592743793573905,0.003992328596667108,0.08112887476589821
445,1.4240000000000004,0.013592743793573905,0.003992328596667108,0.08112887476589821
446,1.4272000000000002,0.013592743793573905,0.003992328596667108,0.08112887476589821
447,1.4304000000000003,0.013592743793573905,0.003992328596667108,0.08112887476589821
448,1.4336000000000002,0.013592743793573905,0.003992328596667108,0.08112887476589821
449,1.4368000000000003,0.013592743793573905,0.003992328596667108,0.08112887476589821
450,1.4400000000000004,0.013592743793573905,0.003992328596667108,0.08112887476589821
451,1.4432000000000003,0.013592743793573905,0.003992328596667108,0.08112887476589821
452,1.4464000000000004,0.013592743793573905,0.003992328596667108,0.08112887476589821
453,1.4496000000000002,0.013592743793573905,0.003992328596667108,0.08112887476589821
454,1.4528000000000003,0.013592743793573905,0.003992328596667108,0.08112887476589821
455,1.4560000000000004,0.013592743793573905,0.003992328596667108,0.08112887476589821
456,1.4592000000000003,0.013592743793573905,0.003992328596667108,0.08112887476589821
457,1.4624000000000004,0.013592743793573905,0.003992328596667108,0.08112887476589821
458,1.4656000000000002,0.013592743793573905,0.003992328596667108,0.08112887476589821
459,1.4688000000000003,0.013592743793573905,0.003992328596667108,0.08112887476589821
460,1.4720000000000002,0.013592743793573905,0.003992328596667108,0.08112887476589821
461,1.4752000000000003,0.013592743793573905,0.003992328596667108,0.08112887476589821
462,1.4784000000000004,0.013592743793573905,0.003992328596667108,0.08112887476589821
463,1.4816000000000003,0.013592743793573905,0.003992328596667108,0.08112887476589821
464,1.4848000000000003,0.013592743793573905,0.003992328596667108,0.08112887476589821
465,1.4880000000000002,0.013592743793573905,0.003992328596667108,0.08112887476589821
466,1.4912000000000003,0.013592743793573905,0.003992328596667108,0.08112887476589821
467,1.4944000000000004,0.013592743793573905,0.003992328596667108,0.08112887476589821
468,1.4976000000000003,0.013592743793573905,0.003992328596667108,0.08112887476589821
469,1.5008000000000004,0.013592743793573905,0.003992328596667108,0.08112887476589821
470,1.5040000000000002,0.013592743793573905,0.003992328596667108,0.08112887476589821
471,1.5072000000000003,0.013592743793573905,0.003992328596667108,0.08112887476589821
472,1.5104000000000002,0.013592743793573905,0.003992328596667108,0.08112887476589821
473,1.5136000000000003,0.013592743793573905,0.003992328596667108,0.08112887476589821
474,1.5168000000000004,0.013592743793573905,0.003992328596667108,0.08112887476589821
475,1.5200000000000002,0.013592743793573905,0.003992328596667108,0.08112887476589821
476,1.5232000000000003,0.013592743793573905,0.003992328596667108,0.08112887476589821
477,1.5264000000000002,0.013592743793573905,0.003992328596667108,0.08112887476589821
478,1.5296000000000003,0.013592743793573905,0.003992328596667108,0.08112887476589821
479,1.5328000000000004,0.013592743793573905,0.003992328596667108,0.08112887476589821
480,1.5360000000000005,0.013592743793573905,0.003992328596667108,0.08112887476589821
481,1.5392000000000003,0.013592743793573905,0.003992328596667108,0.08112887476589821
482,1.5424000000000004,0.013592743793573905,0.003992328596667108,0.08112887476589821
483,1.5456000000000003,0.013592743793573905,0.003992328596667108,0.08112887476589821
484,1.5488000000000004,0.013592743793573905,0.003992328596667108,0.08112887476589821
485,1.5520000000000005,0.013592743793573905,0.003992328596667108,0.08112887476589821
486,1.5552000000000004,0.013592743793573905,0.003992328596667108,0.08112887476589821
487,1.5584000000000005,0.013592743793573905,0.003992328596667108,0.08112887476589821
488,1.5616000000000003,0.013592743793573905,0.003992328596667108,0.08112887476589821
489,1.5648000000000004,0.013592743793573905,0.003992328596667108,0.08112887476589821
490,1.5680000000000003,0.013592743793573905,0.003992328596667108,0.08112887476589821
491,1.5712000000000004,0.013592743793573905,0.003992328596667108,0.08112887476589821
492,1.5744000000000005,0.013592743793573905,0.003992328596667108,0.08112887476589821
493,1.5776000000000003,0.013592743793573905,0.003992328596667108,0.08112887476589821
494,1.5808000000000004,0.013592743793573905,0.003992328596667108,0.08112887476589821
495,1.5840000000000003,0.013592743793573905,0.003992328596667108,0.08112887476589821
496,1.5872000000000004,0.013592743793573905,0.003992328596667108,0.08112887476589821
497,1.5904000000000005,0.013592743793573905,0.003992328596667108,0.08112887476589821
498,1.5936000000000003,0.013592743793573905,0.003992328596667108,0.08112887476589821
499,1.5968000000000004,0.013592743793573905,0.003992328596667108,0.08112887476589821
500,1.6000000000000003,0.013592743793573905,0.003992328596667108,0.08112887476589821
501,1.6032000000000004,0.013592743793573905,0.003992328596667108,0.08112887476589821
502,1.6064000000000003,0.013592743793573905,0.003992328596667108,0.08112887476589821
503,1.6096000000000004,0.013592743793573905,0.003992328596667108,0.08112887476589821
504,1.6128000000000005,0.013592743793573905,0.003992328596667108,0.08112887476589821
505,1.6160000000000003,0.013592743793573905,0.003992328596667108,0.08112887476589821
506,1.6192000000000004,0.013592743793573905,0.003992328596667108,0.08112887476589821
507,1.6224000000000003,0.013592743793573905,0.003992328596667108,0.08112887476589821
508,1.6256000000000004,0.013592743793573905,0.003992328596667108,0.08112887476589821
509,1.6288000000000005,0.013592743793573905,0.003992328596667108,0.08112887476589821
510,1.6320000000000003,0.013592743793573905,0.003992328596667108,0.08112887476589821
511,1.6352000000000004,0.013592743793573905,0.003992328596667108,0.08112887476589821
512,1.6384000000000003,0.013592743793573905,0.003992328596667108,0.08112887476589821
513,1.6416000000000004,0.013592743793573905,0.003992328596667108,0.08112887476589821
514,1.6448000000000005,0.013592743793573905,0.003992328596667108,0.08112887476589821
515,1.6480000000000004,0.013592743793573905,0.003992328596667108,0.08112887476589821
516,1.6512000000000004,0.013592743793573905,0.003992328596667108,0.08112887476589821
517,1.6544000000000003,0.013592743793573905,0.003992328596667108,0.08112887476589821
518,1.6576000000000004,0.013592743793573905,0.003992328596667108,0.08112887476589821
519,1.6608000000000005,0.013592743793573905,0.003992328596667108,0.08112887476589821
520,1.6640000000000004,0.013592743793573905,0.003992328596667108,0.08112887476589821
521,1.6672000000000005,0.013592743793573905,0.003992328596667108,0.08112887476589821
522,1.6704000000000006,0.013592743793573905,0.003992328596667108,0.08112887476589821
523,1.6736000000000004,0.013592743793573905,0.003992328596667108,0.08112887476589821
524,1.6768000000000005,0.013592743793573905,0.003992328596667108,0.08112887476589821
525,1.6800000000000004,0.013592743793573905,0.003992328596667108,0.08112887476589821
526,1.6832000000000005,0.013592743793573905,0.003992328596667108,0.08112887476589821
527,1.6864000000000006,0.013592743793573905,0.003992328596667108,0.08112887476589821
528,1.6896000000000004,0.013592743793573905,0.003992328596667108,0.08112887476589821
529,1.6928000000000005,0.013592743793573905,0.003992328596667108,0.08112887476589821
530,1.6960000000000004,0.013592743793573905,0.003992328596667108,0.08112887476589821
531,1.6992000000000005,0.013592743793573905,0.003992328596667108,0.08112887476589821
532,1.7024000000000004,0.013592743793573905,0.003992328596667108,0.08112887476589821
533,1.7056000000000004,0.013592743793573905,0.003992328596667108,0.08112887476589821
534,1.7088000000000005,0.013592743793573905,0.003992328596667108,0.08112887476589821
535,1.7120000000000004,0.013592743793573905,0.003992328596667108,0.08112887476589821
536,1.7152000000000005,0.013592743793573905,0.003992328596667108,0.08112887476589821
537,1.7184000000000004,0.013592743793573905,0.003992328596667108,0.08112887476589821
538,1.7216000000000005,0.013592743793573905,0.003992328596667108,0.08112887476589821
539,1.7248000000000006,0.013592743793573905,0.003992328596667108,0.08112887476589821
540,1.7280000000000004,0.013592743793573905,0.003992328596667108,0.08112887476589821
541,1.7312000000000005,0.013592743793573905,0.003992328596667108,0.08112887476589821
542,1.7344000000000004,0.013592743793573905,0.003992328596667108,0.08112887476589821
543,1.7376000000000005,0.013592743793573905,0.003992328596667108,0.08112887476589821
544,1.7408000000000006,0.013592743793573905,0.003992328596667108,0.08112887476589821
545,1.7440000000000004,0.013592743793573905,0.003992328596667108,0.08112887476589821
546,1.7472000000000005,0.013592743793573905,0.003992328596667108,0.08112887476589821
547,1.7504000000000004,0.013592743793573905,0.003992328596667108,0.08112887476589821
548,1.7536000000000005,0.013592743793573905,0.003992328596667108,0.08112887476589821
549,1.7568000000000004,0.013592743793573905,0.003992328596667108,0.08112887476589821
550,1.7600000000000005,0.013592743793573905,0.003992328596667108,0.08112887476589821
551,1.7632000000000005,0.013592743793573905,0.003992328596667108,0.08112887476589821
552,1.7664000000000004,0.013592743793573905,0.003992328596667108,0.08112887476589821
553,1.7696000000000005,0.013592743793573905,0.003992328596667108,0.08112887476589821
554,1.7728000000000004,0.013592743793573905,0.003992328596667108,0.08112887476589821
555,1.7760000000000005,0.013592743793573905,0.003992328596667108,0.08112887476589821
556,1.7792000000000006,0.013592743793573905,0.003992328596667108,0.08112887476589821
557,1.7824000000000004,0.013592743793573905,0.003992328596667108,0.08112887476589821
558,1.7856000000000005,0.013592743793573905,0.003992328596667108,0.08112887476589821
559,1.7888000000000004,0.013592743793573905,0.003992328596667108,0.08112887476589821
560,1.7920000000000005,0.013592743793573905,0.003992328596667108,0.08112887476589821
561,1.7952000000000004,0.013592743793573905,0.003992328596667108,0.08112887476589821
562,1.7984000000000004,0.013592743793573905,0.003992328596667108,0.08112887476589821
563,1.8016000000000005,0.013592743793573905,0.003992328596667108,0.08112887476589821
564,1.8048000000000006,0.013592743793573905,0.003992328596667108,0.08112887476589821
565,1.8080000000000005,0.013592743793573905,0.003992328596667108,0.08112887476589821
566,1.8112000000000006,0.013592743793573905,0.003992328596667108,0.08112887476589821
567,1.8144000000000005,0.013592743793573905,0.003992328596667108,0.08112887476589821
568,1.8176000000000005,0.013592743793573905,0.003992328596667108,0.08112887476589821
569,1.8208000000000006,0.013592743793573905,0.003992328596667108,0.08112887476589821
570,1.8240000000000005,0.013592743793573905,0.003992328596667108,0.08112887476589821
571,1.8272000000000006,0.013592743793573905,0.003992328596667108,0.08112887476589821
572,1.8304000000000005,0.013592743793573905,0.003992328596667108,0.08112887476589821
573,1.8336000000000006,0.013592743793573905,0.003992328596667108,0.08112887476589821
574,1.8368000000000004,0.013592743793573905,0.003992328596667108,0.08112887476589821
575,1.8400000000000005,0.013592743793573905,0.003992328596667108,0.08112887476589821
576,1.8432000000000006,0.013592743793573905,0.003992328596667108,0.08112887476589821
577,1.8464000000000005,0.013592743793573905,0.003992328596667108,0.08112887476589821
578,1.8496000000000006,0.013592743793573905,0.003992328596667108,0.08112887476589821
579,1.8528000000000004,0.013592743793573905,0.003992328596667108,0.08112887476589821
580,1.8560000000000005,0.013592743793573905,0.003992328596667108,0.08112887476589821
581,1.8592000000000006,0.013592743793573905,0.003992328596667108,0.08112887476589821
582,1.8624000000000005,0.013592743793573905,0.003992328596667108,0.08112887476589821
583,1.8656000000000006,0.013592743793573905,0.003992328596667108,0.08112887476589821
584,1.8688000000000005,0.013592743793573905,0.003992328596667108,0.08112887476589821
585,1.8720000000000006,0.013592743793573905,0.003992328596667108,0.08112887476589821
586,1.8752000000000004,0.013592743793573905,0.003992328596667108,0.08112887476589821
587,1.8784000000000005,0.013592743793573905,0.003992328596667108,0.08112887476589821
588,1.8816000000000006,0.013592743793573905,0.003992328596667108,0.08112887476589821
589,1.8848000000000005,0.013592743793573905,0.003992328596667108,0.08112887476589821
590,1.8880000000000006,0.013592743793573905,0.003992328596667108,0.08112887476589821
591,1.8912000000000004,0.013592743793573905,0.003992328596667108,0.08112887476589821
592,1.8944000000000005,0.013592743793573905,0.003992328596667108,0.08112887476589821
593,1.8976000000000006,0.013592743793573905,0.003992328596667108,0.08112887476589821
594,1.9008000000000005,0.013592743793573905,0.003992328596667108,0.08112887476589821
595,1.9040000000000006,0.013592743793573905,0.003992328596667108,0.08112887476589821
596,1.9072000000000005,0.013592743793573905,0.003992328596667108,0.08112887476589821
597,1.9104000000000005,0.013592743793573905,0.003992328596667108,0.08112887476589821
598,1.9136000000000006,0.013592743793573905,0.003992328596667108,0.08112887476589821
599,1.9168000000000005,0.013592743793573905,0.003992328596667108,0.08112887476589821
600,1.9200000000000006,0.013592743793573905,0.003992328596667108,0.08112887476589821
Agent ID,4
Number of,601
0,0.0,-0.0034663148237655955,-0.029040270748499405,0.13224815610494495
1,0.0032,-0.0034663253417406806,-0.029040249932473287,0.1322481385197313
2,0.0064,-0.0034663989675662744,-0.029040104220290453,0.1322480154232359
3,0.009600000000000001,-0.003466598809092887,-0.029039708715794192,0.13224768130417683
4,0.0128,-0.0034669879741710268,-0.02903893852282779,0.13224703065127236
5,0.016,-0.0034676295706512032,-0.029037668745234536,0.13224595795324068
6,0.019200000000000002,-0.003468586706383926,-0.02903577448685771,0.1322443576988
7,0.0224,-0.0034699224892197032,-0.029033130851540603,0.13224212437666846
8,0.0256,-0.003471700027009045,-0.029029612943126497,0.1322391524755643
9,0.028800000000000003,-0.0034739824276024604,-0.029025095865458685,0.13223533648420574
10,0.032,-0.003476832798850458,-0.029019454722380447,0.1322305708913109
11,0.0352,-0.003480314248603548,-0.029012564617735073,0.13222475018559804
12,0.038400000000000004,-0.0034844898847122383,-0.029004300655365845,0.13221776885578532
13,0.041600000000000005,-0.0034894228150270388,-0.028994537939116053,0.13220952139059094
14,0.0448,-0.003495176147398459,-0.028983151572828984,0.13219990227873313
15,0.048,-0.003501812989677007,-0.028970016660347923,0.13218880600893004
16,0.0512,-0.003509396449713193,-0.028955008305516155,0.1321761270698999
17,0.054400000000000004,-0.003517989635357526,-0.028938001612176967,0.1321617599503609
18,0.057600000000000005,-0.0035276556544605146,-0.028918871684173644,0.1321455991390312
19,0.0608,-0.003538457614872669,-0.028897493625349473,0.13212753912462905
20,0.064,-0.0035504586244444972,-0.028873742539547744,0.13210747439587261
21,0.06720000000000001,-0.003563721791026509,-0.028847493530611737,0.13208529944148006
22,0.0704,-0.0035783102224692135,-0.028818621702384743,0.13206090875016965
23,0.0736,-0.00359428702662312,-0.028787002158710044,0.13203419681065953
24,0.07680000000000001,-0.0036117153113387375,-0.02875251000343093,0.13200505811166793
25,0.08,-0.0036306581844665754,-0.02871502034039069,0.13197338714191303
26,0.08320000000000001,-0.0036511787538571422,-0.0286744082734326,0.131939078390113
27,0.0864,-0.003673340127360948,-0.02863054890639996,0.13190202634498607
28,0.0896,-0.0036972054128285017,-0.028583317343136044,0.13186212549525042
29,0.09280000000000001,-0.0037228377181103118,-0.028532588687484144,0.13181927032962426
30,0.096,-0.0037503001510568886,-0.028478238043287547,0.13177335533682577
31,0.09920000000000001,-0.0037796558195187404,-0.028420140514389534,0.13172427500557318
32,0.1024,-0.0038109678313463765,-0.028358171204633395,0.13167192382458462
33,0.1056,-0.0038442782584401365,-0.02829224684991466,0.1316162314530056
34,0.10880000000000001,-0.003879545028899681,-0.028222450714337793,0.13155726823169067
35,0.112,-0.003916705034874501,-0.028148907694059516,0.13149513967192158
36,0.11520000000000001,-0.003955695168514088,-0.028071742685236538,0.1314299512849802
37,0.1184,-0.00399645232196793,-0.027991080584025576,0.13136180858214827
38,0.1216,-0.004038913387385521,-0.027907046286583345,0.13129081707470763
39,0.12480000000000001,-0.00408301525691635,-0.027819764689066554,0.1312170822739401
40,0.128,-0.0041286948227099085,-0.02772936068763192,0.13114070969112746
41,0.1312,-0.004175888976915688,-0.027635959178436156,0.1310618048375515
42,0.13440000000000002,-0.004224534611683178,-0.027539685057635977,0.13098047322449405
43,0.1376,-0.00427456861916187,-0.027440663221388096,0.1308968203632369
44,0.1408,-0.004325927891501254,-0.027339018565849225,0.13081095176506188
45,0.14400000000000002,-0.004378549320850822,-0.02723487598717608,0.13072297294125076
46,0.1472,-0.0044323697993600645,-0.02712836038152537,0.13063298940308535
47,0.1504,-0.004487326219178472,-0.02701959664505382,0.13054110666184748
48,0.15360000000000001,-0.004543355472455536,-0.02690870967391813,0.13044743022881894
49,0.1568,-0.004600394451340746,-0.026795824364275023,0.1303520656152815
50,0.16,-0.004658380047983595,-0.02668106561228121,0.13025511833251704
51,0.1632,-0.004717249154533571,-0.026564558314093403,0.1301566938918073
52,0.16640000000000002,-0.0047769386631401674,-0.026446427365868316,0.1300568978044341
53,0.1696,-0.004837385465952873,-0.026326797663762665,0.12995583558167925
54,0.1728,-0.00489852645512118,-0.026205794103933165,0.12985361273482457
55,0.17600000000000002,-0.004960298522794579,-0.026083541582536524,0.12975033477515183
56,0.1792,-0.005022638561122559,-0.02596016499572946,0.12964610721394287
57,0.1824,-0.005085483462254615,-0.02583578923966869,0.12954103556247945
58,0.18560000000000001,-0.005148770118340233,-0.02571053921051092,0.1294352253320434
59,0.1888,-0.005212435421528908,-0.02558453980441287,0.12932878203391654
60,0.192,-0.005276416263970127,-0.02545791591753125,0.12922181117938067
61,0.1952,-0.005340649537813384,-0.025330792446022772,0.12911441827971756
62,0.19840000000000002,-0.005405072135208168,-0.025203294286044158,0.12900670884620904
63,0.2016,-0.00546962094830397,-0.025075546333752113,0.12889878839013694
64,0.2048,-0.005534232869250281,-0.024947673485303357,0.128790762422783
65,0.20800000000000002,-0.005580750834228132,-0.02489309756829546,0.12868312866581033
66,0.2112,-0.005627268799205982,-0.024838521651287557,0.12857549490883766
67,0.2144,-0.005673786764183833,-0.02478394573427966,0.128467861151865
68,0.21760000000000002,-0.005720304729161683,-0.024729369817271758,0.12836022739489233
69,0.2208,-0.005766822694139534,-0.02467479390026386,0.12825259363791966
70,0.224,-0.005813340659117384,-0.02462021798325596,0.12814495988094698
71,0.2272,-0.005859858624095235,-0.02456564206624806,0.1280373261239743
72,0.23040000000000002,-0.005906376589073085,-0.02451106614924016,0.12792969236700166
73,0.2336,-0.005952894554050936,-0.024456490232232262,0.127822058610029
74,0.2368,-0.005999412519028786,-0.02440191431522436,0.1277144248530563
75,0.24000000000000002,-0.0060459304840066366,-0.024347338398216463,0.12760679109608364
76,0.24320000000000003,-0.006092448448984487,-0.02429276248120856,0.12749915733911096
77,0.2464,-0.0061389664139623375,-0.024238186564200664,0.12739152358213832
78,0.24960000000000002,-0.006185484378940188,-0.024183610647192766,0.12728388982516564
79,0.2528,-0.0062320023439180385,-0.024129034730184865,0.12717625606819297
80,0.256,-0.006278520308895889,-0.024074458813176967,0.1270686223112203
81,0.2592,-0.00632503827387374,-0.024019882896169065,0.12696098855424762
82,0.2624,-0.00637155623885159,-0.023965306979161168,0.12685335479727497
83,0.2656,-0.006418074203829441,-0.023910731062153266,0.1267457210403023
84,0.26880000000000004,-0.006464592168807291,-0.02385615514514537,0.12663808728332962
85,0.272,-0.006511110133785142,-0.023801579228137467,0.12653045352635695
86,0.2752,-0.006557628098762993,-0.02374700331112957,0.12642281976938427
87,0.2784,-0.006604146063740843,-0.023692427394121668,0.12631518601241162
88,0.2816,-0.006650664028718694,-0.02363785147711377,0.12620755225543895
89,0.2848,-0.006697181993696544,-0.02358327556010587,0.12609991849846627
90,0.28800000000000003,-0.006743699958674395,-0.02352869964309797,0.1259922847414936
91,0.2912,-0.006790217923652245,-0.023474123726090073,0.12588465098452092
92,0.2944,-0.006836735888630096,-0.02341954780908217,0.12577701722754828
93,0.29760000000000003,-0.006883253853607946,-0.023364971892074274,0.1256693834705756
94,0.3008,-0.006929771818585797,-0.023310395975066373,0.12556174971360293
95,0.30400000000000005,-0.006976289783563647,-0.023255820058058475,0.12545411595663025
96,0.30720000000000003,-0.007022807748541498,-0.023201244141050573,0.12534648219965758
97,0.3104,-0.007069325713519348,-0.023146668224042675,0.12523884844268493
98,0.3136,-0.007115843678497199,-0.023092092307034774,0.12513121468571226
99,0.3168,-0.007162361643475049,-0.023037516390026876,0.12502358092873958
100,0.32,-0.0072088796084529,-0.022982940473018975,0.12491594717176692
101,0.32320000000000004,-0.00725539757343075,-0.022928364556011077,0.12480831341479424
102,0.3264,-0.007301915538408601,-0.022873788639003176,0.12470067965782157
103,0.3296,-0.007348433503386451,-0.022819212721995278,0.12459304590084891
104,0.3328,-0.007394951468364302,-0.02276463680498738,0.12448541214387623
105,0.336,-0.007441469433342152,-0.02271006088797948,0.12437777838690357
106,0.33920000000000006,-0.0074879873983200035,-0.02265548497097158,0.1242701446299309
107,0.34240000000000004,-0.007534505363297853,-0.02260090905396368,0.12416251087295822
108,0.3456,-0.0075810233282757045,-0.022546333136955782,0.12405487711598556
109,0.3488,-0.007627541293253555,-0.02249175721994788,0.12394724335901289
110,0.352,-0.0076740592582314054,-0.022437181302939983,0.12383960960204023
111,0.3552,-0.007720577223209256,-0.02238260538593208,0.12373197584506755
112,0.35840000000000005,-0.007767095188187106,-0.022328029468924183,0.12362434208809488
113,0.36160000000000003,-0.007813613153164957,-0.022273453551916282,0.12351670833112222
114,0.3648,-0.007860131118142807,-0.022218877634908384,0.12340907457414954
115,0.368,-0.007906649083120658,-0.022164301717900486,0.12330144081717688
116,0.3712,-0.007953167048098508,-0.022109725800892585,0.1231938070602042
117,0.37439999999999996,-0.007953167048098508,-0.022109725800892585,0.1231938070602042
118,0.3776,-0.007953167048098508,-0.022109725800892585,0.1231938070602042
119,0.38079999999999997,-0.007953167048098508,-0.022109725800892585,0.1231938070602042
120,0.38399999999999995,-0.007953167048098508,-0.022109725800892585,0.1231938070602042
121,0.3872,-0.007953167048098508,-0.022109725800892585,0.1231938070602042
122,0.39039999999999997,-0.007953167048098508,-0.022109725800892585,0.1231938070602042
123,0.39359999999999995,-0.007953167048098508,-0.022109725800892585,0.1231938070602042
124,0.3968,-0.007953167048098508,-0.022109725800892585,0.1231938070602042
125,0.39999999999999997,-0.007953167048098508,-0.022109725800892585,0.1231938070602042
126,0.4032,-0.007953167048098508,-0.022109725800892585,0.1231938070602042
127,0.4064,-0.007953167048098508,-0.022109725800892585,0.1231938070602042
128,0.40959999999999996,-0.007953167048098508,-0.022109725800892585,0.1231938070602042
129,0.4128,-0.007953167048098508,-0.022109725800892585,0.1231938070602042
130,0.416,-0.007953167048098508,-0.022109725800892585,0.1231938070602042
131,0.41919999999999996,-0.007953167048098508,-0.022109725800892585,0.1231938070602042
132,0.4224,-0.007953167048098508,-0.022109725800892585,0.1231938070602042
133,0.4256,-0.007953167048098508,-0.022109725800892585,0.1231938070602042
134,0.42879999999999996,-0.007953167048098508,-0.022109725800892585,0.1231938070602042
135,0.432,-0.007953167048098508,-0.022109725800892585,0.1231938070602042
136,0.4352,-0.007953167048098508,-0.022109725800892585,0.1231938070602042
137,0.4384,-0.007953167048098508,-0.022109725800892585,0.1231938070602042
138,0.4416,-0.007953167048098508,-0.022109725800892585,0.1231938070602042
139,0.4448,-0.007953167048098508,-0.022109725800892585,0.1231938070602042
140,0.44799999999999995,-0.007953167048098508,-0.022109725800892585,0.1231938070602042
141,0.4512,-0.007953167048098508,-0.022109725800892585,0.1231938070602042
142,0.45439999999999997,-0.007953167048098508,-0.022109725800892585,0.1231938070602042
143,0.4576,-0.007953167048098508,-0.022109725800892585,0.1231938070602042
144,0.4608,-0.007953167048098508,-0.022109725800892585,0.1231938070602042
145,0.46399999999999997,-0.007953167048098508,-0.022109725800892585,0.1231938070602042
146,0.46719999999999995,-0.007953167048098508,-0.022109725800892585,0.1231938070602042
147,0.4704,-0.007953167048098508,-0.022109725800892585,0.1231938070602042
148,0.47359999999999997,-0.007953167048098508,-0.022109725800892585,0.1231938070602042
149,0.4768,-0.007953167048098508,-0.022109725800892585,0.1231938070602042
150,0.48,-0.007953167048098508,-0.022109725800892585,0.1231938070602042
151,0.48319999999999996,-0.007953167048098508,-0.022109725800892585,0.1231938070602042
152,0.4864,-0.007953167048098508,-0.022109725800892585,0.1231938070602042
153,0.4896,-0.007953167048098508,-0.022109725800892585,0.1231938070602042
154,0.49279999999999996,-0.007953167048098508,-0.022109725800892585,0.1231938070602042
155,0.496,-0.007953167048098508,-0.022109725800892585,0.1231938070602042
156,0.4992,-0.007953167048098508,-0.022109725800892585,0.1231938070602042
157,0.5024,-0.007953167048098508,-0.022109725800892585,0.1231938070602042
158,0.5056,-0.007953167048098508,-0.022109725800892585,0.1231938070602042
159,0.5087999999999999,-0.007953167048098508,-0.022109725800892585,0.1231938070602042
160,0.512,-0.007953167048098508,-0.022109725800892585,0.1231938070602042
161,0.5152,-0.007953167048098508,-0.022109725800892585,0.1231938070602042
162,0.5184,-0.007953167048098508,-0.022109725800892585,0.1231938070602042
163,0.5216,-0.007953167048098508,-0.022109725800892585,0.1231938070602042
164,0.5247999999999999,-0.007953167048098508,-0.022109725800892585,0.1231938070602042
165,0.5279999999999999,-0.007953167048098508,-0.022109725800892585,0.1231938070602042
166,0.5311999999999999,-0.007953167048098508,-0.022109725800892585,0.1231938070602042
167,0.5344,-0.007953167048098508,-0.022109725800892585,0.1231938070602042
168,0.5376,-0.007953167048098508,-0.022109725800892585,0.1231938070602042
169,0.5408,-0.007953167048098508,-0.022109725800892585,0.1231938070602042
170,0.5439999999999999,-0.007953167048098508,-0.022109725800892585,0.1231938070602042
171,0.5471999999999999,-0.007953167048098508,-0.022109725800892585,0.1231938070602042
172,0.5503999999999999,-0.007953167048098508,-0.022109725800892585,0.1231938070602042
173,0.5536,-0.007953167048098508,-0.022109725800892585,0.1231938070602042
174,0.5568,-0.007953167048098508,-0.022109725800892585,0.1231938070602042
175,0.5599999999999999,-0.007953167048098508,-0.022109725800892585,0.1231938070602042
176,0.5631999999999999,-0.007953167048098508,-0.022109725800892585,0.1231938070602042
177,0.5663999999999999,-0.007953167048098508,-0.022109725800892585,0.1231938070602042
178,0.5695999999999999,-0.007953167048098508,-0.022109725800892585,0.1231938070602042
179,0.5728,-0.007953167048098508,-0.022109725800892585,0.1231938070602042
180,0.576,-0.007953167048098508,-0.022109725800892585,0.1231938070602042
181,0.5791999999999999,-0.007953167048098508,-0.022109725800892585,0.1231938070602042
182,0.5823999999999999,-0.007953167048098508,-0.022109725800892585,0.1231938070602042
183,0.5855999999999999,-0.007953167048098508,-0.022109725800892585,0.1231938070602042
184,0.5888,-0.007953167048098508,-0.022109725800892585,0.1231938070602042
185,0.592,-0.007953167048098508,-0.022109725800892585,0.1231938070602042
186,0.5952,-0.007953167048098508,-0.022109725800892585,0.1231938070602042
187,0.5983999999999999,-0.007953167048098508,-0.022109725800892585,0.1231938070602042
188,0.6015999999999999,-0.007953167048098508,-0.022109725800892585,0.1231938070602042
189,0.6047999999999999,-0.007953167048098508,-0.022109725800892585,0.1231938070602042
190,0.608,-0.007953167048098508,-0.022109725800892585,0.1231938070602042
191,0.6112,-0.007953167048098508,-0.022109725800892585,0.1231938070602042
192,0.6144,-0.007953167048098508,-0.022109725800892585,0.1231938070602042
193,0.6175999999999999,-0.007953167048098508,-0.022109725800892585,0.1231938070602042
194,0.6207999999999999,-0.007953167048098508,-0.022109725800892585,0.1231938070602042
195,0.6239999999999999,-0.007953167048098508,-0.022109725800892585,0.1231938070602042
196,0.6272,-0.007953167048098508,-0.022109725800892585,0.1231938070602042
197,0.6304,-0.007953167048098508,-0.022109725800892585,0.1231938070602042
198,0.6335999999999999,-0.007953167048098508,-0.022109725800892585,0.1231938070602042
199,0.6367999999999999,-0.007953167048098508,-0.022109725800892585,0.1231938070602042
200,0.6399999999999999,-0.007953167048098508,-0.022109725800892585,0.1231938070602042
201,0.6432,-0.007953167048098508,-0.022109725800892585,0.1231938070602042
202,0.6464,-0.007953167048098508,-0.022109725800892585,0.1231938070602042
203,0.6496,-0.007953167048098508,-0.022109725800892585,0.1231938070602042
204,0.6527999999999999,-0.007953167048098508,-0.022109725800892585,0.1231938070602042
205,0.6559999999999999,-0.007953167048098508,-0.022109725800892585,0.1231938070602042
206,0.6592,-0.007953167048098508,-0.022109725800892585,0.1231938070602042
207,0.6624,-0.007953167048098508,-0.022109725800892585,0.1231938070602042
208,0.6656,-0.007953167048098508,-0.022109725800892585,0.1231938070602042
209,0.6688,-0.007953167048098508,-0.022109725800892585,0.1231938070602042
210,0.672,-0.007953167048098508,-0.022109725800892585,0.1231938070602042
211,0.6752,-0.007953167048098508,-0.022109725800892585,0.1231938070602042
212,0.6784,-0.007953167048098508,-0.022109725800892585,0.1231938070602042
213,0.6816,-0.007953167048098508,-0.022109725800892585,0.1231938070602042
214,0.6848,-0.007953167048098508,-0.022109725800892585,0.1231938070602042
215,0.688,-0.007953167048098508,-0.022109725800892585,0.1231938070602042
216,0.6912,-0.007953167048098508,-0.022109725800892585,0.1231938070602042
217,0.6944,-0.007953167048098508,-0.022109725800892585,0.1231938070602042
218,0.6976,-0.007953167048098508,-0.022109725800892585,0.1231938070602042
219,0.7008,-0.007953167048098508,-0.022109725800892585,0.1231938070602042
220,0.704,-0.007953167048098508,-0.022109725800892585,0.1231938070602042
221,0.7071999999999999,-0.007953167048098508,-0.022109725800892585,0.1231938070602042
222,0.7104,-0.007953167048098508,-0.022109725800892585,0.1231938070602042
223,0.7136,-0.007953167048098508,-0.022109725800892585,0.1231938070602042
224,0.7168,-0.007953167048098508,-0.022109725800892585,0.1231938070602042
225,0.72,-0.007953167048098508,-0.022109725800892585,0.1231938070602042
226,0.7232,-0.007953167048098508,-0.022109725800892585,0.1231938070602042
227,0.7263999999999999,-0.007953167048098508,-0.022109725800892585,0.1231938070602042
228,0.7296,-0.007953167048098508,-0.022109725800892585,0.1231938070602042
229,0.7328,-0.007953167048098508,-0.022109725800892585,0.1231938070602042
230,0.736,-0.007953167048098508,-0.022109725800892585,0.1231938070602042
231,0.7392,-0.007953167048098508,-0.022109725800892585,0.1231938070602042
232,0.7424,-0.007953167048098508,-0.022109725800892585,0.1231938070602042
233,0.7456,-0.007953167048098508,-0.022109725800892585,0.1231938070602042
234,0.7488,-0.007953167048098508,-0.022109725800892585,0.1231938070602042
235,0.752,-0.007953167048098508,-0.022109725800892585,0.1231938070602042
236,0.7552,-0.007953167048098508,-0.022109725800892585,0.1231938070602042
237,0.7584,-0.007953167048098508,-0.022109725800892585,0.1231938070602042
238,0.7616,-0.007953167048098508,-0.022109725800892585,0.1231938070602042
239,0.7648,-0.007953167048098508,-0.022109725800892585,0.1231938070602042
240,0.768,-0.007953167048098508,-0.022109725800892585,0.1231938070602042
241,0.7712,-0.007953167048098508,-0.022109725800892585,0.1231938070602042
242,0.7744,-0.007953167048098508,-0.022109725800892585,0.1231938070602042
243,0.7776,-0.007953167048098508,-0.022109725800892585,0.1231938070602042
244,0.7807999999999999,-0.007953167048098508,-0.022109725800892585,0.1231938070602042
245,0.784,-0.007953167048098508,-0.022109725800892585,0.1231938070602042
246,0.7872,-0.007953167048098508,-0.022109725800892585,0.1231938070602042
247,0.7904,-0.007953167048098508,-0.022109725800892585,0.1231938070602042
248,0.7936,-0.007953167048098508,-0.022109725800892585,0.1231938070602042
249,0.7968,-0.007953167048098508,-0.022109725800892585,0.1231938070602042
250,0.8,-0.007953167048098508,-0.022109725800892585,0.1231938070602042
251,0.8032,-0.007953167048098508,-0.022109725800892585,0.1231938070602042
252,0.8064,-0.007953167048098508,-0.022109725800892585,0.1231938070602042
253,0.8096,-0.007953167048098508,-0.022109725800892585,0.1231938070602042
254,0.8128,-0.007953167048098508,-0.022109725800892585,0.1231938070602042
255,0.8160000000000001,-0.007953167048098508,-0.022109725800892585,0.1231938070602042
256,0.8191999999999999,-0.007953167048098508,-0.022109725800892585,0.1231938070602042
257,0.8224,-0.007953167048098508,-0.022109725800892585,0.1231938070602042
258,0.8256,-0.007953167048098508,-0.022109725800892585,0.1231938070602042
259,0.8288,-0.007953167048098508,-0.022109725800892585,0.1231938070602042
260,0.832,-0.007953167048098508,-0.022109725800892585,0.1231938070602042
261,0.8352,-0.007953167048098508,-0.022109725800892585,0.1231938070602042
262,0.8384,-0.007953167048098508,-0.022109725800892585,0.1231938070602042
263,0.8416,-0.007953167048098508,-0.022109725800892585,0.1231938070602042
264,0.8448,-0.007953167048098508,-0.022109725800892585,0.1231938070602042
265,0.848,-0.007953167048098508,-0.022109725800892585,0.1231938070602042
266,0.8512,-0.007953167048098508,-0.022109725800892585,0.1231938070602042
267,0.8544,-0.007953167048098508,-0.022109725800892585,0.1231938070602042
268,0.8576,-0.007953167048098508,-0.022109725800892585,0.1231938070602042
269,0.8608,-0.007953167048098508,-0.022109725800892585,0.1231938070602042
270,0.864,-0.007953167048098508,-0.022109725800892585,0.1231938070602042
271,0.8672,-0.007953167048098508,-0.022109725800892585,0.1231938070602042
272,0.8704,-0.007953167048098508,-0.022109725800892585,0.1231938070602042
273,0.8736,-0.007953167048098508,-0.022109725800892585,0.1231938070602042
274,0.8768,-0.007953167048098508,-0.022109725800892585,0.1231938070602042
275,0.88,-0.007953167048098508,-0.022109725800892585,0.1231938070602042
276,0.8832,-0.007953167048098508,-0.022109725800892585,0.1231938070602042
277,0.8864,-0.007953167048098508,-0.022109725800892585,0.1231938070602042
278,0.8896,-0.007953167048098508,-0.022109725800892585,0.1231938070602042
279,0.8928,-0.007953167048098508,-0.022109725800892585,0.1231938070602042
280,0.896,-0.007953167048098508,-0.022109725800892585,0.1231938070602042
281,0.8992,-0.007953167048098508,-0.022109725800892585,0.1231938070602042
282,0.9024,-0.007953167048098508,-0.022109725800892585,0.1231938070602042
283,0.9056,-0.007953167048098508,-0.022109725800892585,0.1231938070602042
284,0.9088,-0.007953167048098508,-0.022109725800892585,0.1231938070602042
285,0.912,-0.007953167048098508,-0.022109725800892585,0.1231938070602042
286,0.9152,-0.007953167048098508,-0.022109725800892585,0.1231938070602042
287,0.9184,-0.007953167048098508,-0.022109725800892585,0.1231938070602042
288,0.9216,-0.007953167048098508,-0.022109725800892585,0.1231938070602042
289,0.9248000000000001,-0.007953167048098508,-0.022109725800892585,0.1231938070602042
290,0.928,-0.007953167048098508,-0.022109725800892585,0.1231938070602042
291,0.9312,-0.007953167048098508,-0.022109725800892585,0.1231938070602042
292,0.9344,-0.007953167048098508,-0.022109725800892585,0.1231938070602042
293,0.9376,-0.007953167048098508,-0.022109725800892585,0.1231938070602042
294,0.9408,-0.007953167048098508,-0.022109725800892585,0.1231938070602042
295,0.944,-0.007953167048098508,-0.022109725800892585,0.1231938070602042
296,0.9472,-0.007953167048098508,-0.022109725800892585,0.1231938070602042
297,0.9504,-0.007953167048098508,-0.022109725800892585,0.1231938070602042
298,0.9536,-0.007953167048098508,-0.022109725800892585,0.1231938070602042
299,0.9568,-0.007953167048098508,-0.022109725800892585,0.1231938070602042
300,0.96,-0.007953167048098508,-0.022109725800892585,0.1231938070602042
301,0.9632000000000001,-0.007953167048098508,-0.022109725800892585,0.1231938070602042
302,0.9664,-0.007953167048098508,-0.022109725800892585,0.1231938070602042
303,0.9696,-0.007953167048098508,-0.022109725800892585,0.1231938070602042
304,0.9728,-0.007953167048098508,-0.022109725800892585,0.1231938070602042
305,0.976,-0.007953167048098508,-0.022109725800892585,0.1231938070602042
306,0.9792000000000001,-0.007953167048098508,-0.022109725800892585,0.1231938070602042
307,0.9823999999999999,-0.007953167048098508,-0.022109725800892585,0.1231938070602042
308,0.9856,-0.007953167048098508,-0.022109725800892585,0.1231938070602042
309,0.9888,-0.007953167048098508,-0.022109725800892585,0.1231938070602042
310,0.992,-0.007953167048098508,-0.022109725800892585,0.1231938070602042
311,0.9952,-0.007953167048098508,-0.022109725800892585,0.1231938070602042
312,0.9984000000000001,-0.007953167048098508,-0.022109725800892585,0.1231938070602042
313,1.0016,-0.007953167048098508,-0.022109725800892585,0.1231938070602042
314,1.0048,-0.007953167048098508,-0.022109725800892585,0.1231938070602042
315,1.008,-0.007953167048098508,-0.022109725800892585,0.1231938070602042
316,1.0112,-0.007953167048098508,-0.022109725800892585,0.1231938070602042
317,1.0144,-0.007953167048098508,-0.022109725800892585,0.1231938070602042
318,1.0176,-0.007953167048098508,-0.022109725800892585,0.1231938070602042
319,1.0208,-0.007953167048098508,-0.022109725800892585,0.1231938070602042
320,1.024,-0.007953167048098508,-0.022109725800892585,0.1231938070602042
321,1.0272000000000001,-0.007953167048098508,-0.022109725800892585,0.1231938070602042
322,1.0304,-0.007953167048098508,-0.022109725800892585,0.1231938070602042
323,1.0336,-0.007953167048098508,-0.022109725800892585,0.1231938070602042
324,1.0368,-0.007953167048098508,-0.022109725800892585,0.1231938070602042
325,1.04,-0.007953167048098508,-0.022109725800892585,0.1231938070602042
326,1.0432000000000001,-0.007953167048098508,-0.022109725800892585,0.1231938070602042
327,1.0464,-0.007953167048098508,-0.022109725800892585,0.1231938070602042
328,1.0496,-0.007953167048098508,-0.022109725800892585,0.1231938070602042
329,1.0528,-0.007953167048098508,-0.022109725800892585,0.1231938070602042
330,1.056,-0.007953167048098508,-0.022109725800892585,0.1231938070602042
331,1.0592,-0.007953167048098508,-0.022109725800892585,0.1231938070602042
332,1.0624,-0.007953167048098508,-0.022109725800892585,0.1231938070602042
333,1.0656,-0.007953167048098508,-0.022109725800892585,0.1231938070602042
334,1.0688,-0.007953167048098508,-0.022109725800892585,0.1231938070602042
335,1.072,-0.007953167048098508,-0.022109725800892585,0.1231938070602042
336,1.0752,-0.007953167048098508,-0.022109725800892585,0.1231938070602042
337,1.0784,-0.007953167048098508,-0.022109725800892585,0.1231938070602042
338,1.0816000000000001,-0.007953167048098508,-0.022109725800892585,0.1231938070602042
339,1.0848,-0.007953167048098508,-0.022109725800892585,0.1231938070602042
340,1.088,-0.007953167048098508,-0.022109725800892585,0.1231938070602042
341,1.0912,-0.007953167048098508,-0.022109725800892585,0.1231938070602042
342,1.0944,-0.007953167048098508,-0.022109725800892585,0.1231938070602042
343,1.0976,-0.007953167048098508,-0.022109725800892585,0.1231938070602042
344,1.1008,-0.007953167048098508,-0.022109725800892585,0.1231938070602042
345,1.104,-0.007953167048098508,-0.022109725800892585,0.1231938070602042
346,1.1072,-0.007953167048098508,-0.022109725800892585,0.1231938070602042
347,1.1104,-0.007953167048098508,-0.022109725800892585,0.1231938070602042
348,1.1136,-0.007953167048098508,-0.022109725800892585,0.1231938070602042
349,1.1168,-0.007953167048098508,-0.022109725800892585,0.1231938070602042
350,1.12,-0.007953167048098508,-0.022109725800892585,0.1231938070602042
351,1.1232,-0.007953167048098508,-0.022109725800892585,0.1231938070602042
352,1.1264,-0.007953167048098508,-0.022109725800892585,0.1231938070602042
353,1.1296,-0.007953167048098508,-0.022109725800892585,0.1231938070602042
354,1.1328,-0.007953167048098508,-0.022109725800892585,0.1231938070602042
355,1.1360000000000001,-0.007953167048098508,-0.022109725800892585,0.1231938070602042
356,1.1392,-0.007953167048098508,-0.022109725800892585,0.1231938070602042
357,1.1424,-0.007953167048098508,-0.022109725800892585,0.1231938070602042
358,1.1456000000000002,-0.007953167048098508,-0.022109725800892585,0.1231938070602042
359,1.1488000000000003,-0.007953167048098508,-0.022109725800892585,0.1231938070602042
360,1.1520000000000001,-0.007953167048098508,-0.022109725800892585,0.1231938070602042
361,1.1552000000000002,-0.007953167048098508,-0.022109725800892585,0.1231938070602042
362,1.1584,-0.007953167048098508,-0.022109725800892585,0.1231938070602042
363,1.1616000000000002,-0.007953167048098508,-0.022109725800892585,0.1231938070602042
364,1.1648000000000003,-0.007953167048098508,-0.022109725800892585,0.1231938070602042
365,1.1680000000000001,-0.007953167048098508,-0.022109725800892585,0.1231938070602042
366,1.1712000000000002,-0.007953167048098508,-0.022109725800892585,0.1231938070602042
367,1.1744,-0.007953167048098508,-0.022109725800892585,0.1231938070602042
368,1.1776000000000002,-0.007953167048098508,-0.022109725800892585,0.1231938070602042
369,1.1808,-0.007953167048098508,-0.022109725800892585,0.1231938070602042
370,1.1840000000000002,-0.007953167048098508,-0.022109725800892585,0.1231938070602042
371,1.1872000000000003,-0.007953167048098508,-0.022109725800892585,0.1231938070602042
372,1.1904000000000001,-0.007953167048098508,-0.022109725800892585,0.1231938070602042
373,1.1936000000000002,-0.007953167048098508,-0.022109725800892585,0.1231938070602042
374,1.1968,-0.007953167048098508,-0.022109725800892585,0.1231938070602042
375,1.2000000000000002,-0.007953167048098508,-0.022109725800892585,0.1231938070602042
376,1.2032000000000003,-0.007953167048098508,-0.022109725800892585,0.1231938070602042
377,1.2064000000000001,-0.007953167048098508,-0.022109725800892585,0.1231938070602042
378,1.2096000000000002,-0.007953167048098508,-0.022109725800892585,0.1231938070602042
379,1.2128,-0.007953167048098508,-0.022109725800892585,0.1231938070602042
380,1.2160000000000002,-0.007953167048098508,-0.022109725800892585,0.1231938070602042
381,1.2192000000000003,-0.007953167048098508,-0.022109725800892585,0.1231938070602042
382,1.2224000000000002,-0.007953167048098508,-0.022109725800892585,0.1231938070602042
383,1.2256000000000002,-0.007953167048098508,-0.022109725800892585,0.1231938070602042
384,1.2288000000000001,-0.007953167048098508,-0.022109725800892585,0.1231938070602042
385,1.2320000000000002,-0.007953167048098508,-0.022109725800892585,0.1231938070602042
386,1.2352,-0.007953167048098508,-0.022109725800892585,0.1231938070602042
387,1.2384000000000002,-0.007953167048098508,-0.022109725800892585,0.1231938070602042
388,1.2416000000000003,-0.007953167048098508,-0.022109725800892585,0.1231938070602042
389,1.2448000000000001,-0.007953167048098508,-0.022109725800892585,0.1231938070602042
390,1.2480000000000002,-0.007953167048098508,-0.022109725800892585,0.1231938070602042
391,1.2512,-0.007953167048098508,-0.022109725800892585,0.1231938070602042
392,1.2544000000000002,-0.007953167048098508,-0.022109725800892585,0.1231938070602042
393,1.2576000000000003,-0.007953167048098508,-0.022109725800892585,0.1231938070602042
394,1.2608000000000001,-0.007953167048098508,-0.022109725800892585,0.1231938070602042
395,1.2640000000000002,-0.007953167048098508,-0.022109725800892585,0.1231938070602042
396,1.2672,-0.007953167048098508,-0.022109725800892585,0.1231938070602042
397,1.2704000000000002,-0.007953167048098508,-0.022109725800892585,0.1231938070602042
398,1.2736,-0.007953167048098508,-0.022109725800892585,0.1231938070602042
399,1.2768000000000002,-0.007953167048098508,-0.022109725800892585,0.1231938070602042
400,1.2800000000000002,-0.007953167048098508,-0.022109725800892585,0.1231938070602042
401,1.2832000000000001,-0.007953167048098508,-0.022109725800892585,0.1231938070602042
402,1.2864000000000002,-0.007953167048098508,-0.022109725800892585,0.1231938070602042
403,1.2896,-0.007953167048098508,-0.022109725800892585,0.1231938070602042
404,1.2928000000000002,-0.007953167048098508,-0.022109725800892585,0.1231938070602042
405,1.2960000000000003,-0.007953167048098508,-0.022109725800892585,0.1231938070602042
406,1.2992000000000004,-0.007953167048098508,-0.022109725800892585,0.1231938070602042
407,1.3024000000000002,-0.007953167048098508,-0.022109725800892585,0.1231938070602042
408,1.3056000000000003,-0.007953167048098508,-0.022109725800892585,0.1231938070602042
409,1.3088000000000002,-0.007953167048098508,-0.022109725800892585,0.1231938070602042
410,1.3120000000000003,-0.007953167048098508,-0.022109725800892585,0.1231938070602042
411,1.3152000000000004,-0.007953167048098508,-0.022109725800892585,0.1231938070602042
412,1.3184000000000002,-0.007953167048098508,-0.022109725800892585,0.1231938070602042
413,1.3216000000000003,-0.007953167048098508,-0.022109725800892585,0.1231938070602042
414,1.3248000000000002,-0.007953167048098508,-0.022109725800892585,0.1231938070602042
415,1.3280000000000003,-0.007953167048098508,-0.022109725800892585,0.1231938070602042
416,1.3312000000000002,-0.007953167048098508,-0.022109725800892585,0.1231938070602042
417,1.3344000000000003,-0.007953167048098508,-0.022109725800892585,0.1231938070602042
418,1.3376000000000003,-0.007953167048098508,-0.022109725800892585,0.1231938070602042
419,1.3408000000000002,-0.007953167048098508,-0.022109725800892585,0.1231938070602042
420,1.3440000000000003,-0.007953167048098508,-0.022109725800892585,0.1231938070602042
421,1.3472000000000002,-0.007953167048098508,-0.022109725800892585,0.1231938070602042
422,1.3504000000000003,-0.007953167048098508,-0.022109725800892585,0.1231938070602042
423,1.3536000000000004,-0.007953167048098508,-0.022109725800892585,0.1231938070602042
424,1.3568000000000002,-0.007953167048098508,-0.022109725800892585,0.1231938070602042
425,1.3600000000000003,-0.007953167048098508,-0.022109725800892585,0.1231938070602042
426,1.3632000000000002,-0.007953167048098508,-0.022109725800892585,0.1231938070602042
427,1.3664000000000003,-0.007953167048098508,-0.022109725800892585,0.1231938070602042
428,1.3696000000000002,-0.007953167048098508,-0.022109725800892585,0.1231938070602042
429,1.3728000000000002,-0.007953167048098508,-0.022109725800892585,0.1231938070602042
430,1.3760000000000003,-0.007953167048098508,-0.022109725800892585,0.1231938070602042
431,1.3792000000000002,-0.007953167048098508,-0.022109725800892585,0.1231938070602042
432,1.3824000000000003,-0.007953167048098508,-0.022109725800892585,0.1231938070602042
433,1.3856000000000002,-0.007953167048098508,-0.022109725800892585,0.1231938070602042
434,1.3888000000000003,-0.007953167048098508,-0.022109725800892585,0.1231938070602042
435,1.3920000000000003,-0.007953167048098508,-0.022109725800892585,0.1231938070602042
436,1.3952000000000002,-0.007953167048098508,-0.022109725800892585,0.1231938070602042
437,1.3984000000000003,-0.007953167048098508,-0.022109725800892585,0.1231938070602042
438,1.4016000000000002,-0.007953167048098508,-0.022109725800892585,0.1231938070602042
439,1.4048000000000003,-0.007953167048098508,-0.022109725800892585,0.1231938070602042
440,1.4080000000000004,-0.007953167048098508,-0.022109725800892585,0.1231938070602042
441,1.4112000000000002,-0.007953167048098508,-0.022109725800892585,0.1231938070602042
442,1.4144000000000003,-0.007953167048098508,-0.022109725800892585,0.1231938070602042
443,1.4176000000000002,-0.007953167048098508,-0.022109725800892585,0.1231938070602042
444,1.4208000000000003,-0.007953167048098508,-0.022109725800892585,0.1231938070602042
445,1.4240000000000004,-0.007953167048098508,-0.022109725800892585,0.1231938070602042
446,1.4272000000000002,-0.007953167048098508,-0.022109725800892585,0.1231938070602042
447,1.4304000000000003,-0.007953167048098508,-0.022109725800892585,0.1231938070602042
448,1.4336000000000002,-0.007953167048098508,-0.022109725800892585,0.1231938070602042
449,1.4368000000000003,-0.007953167048098508,-0.022109725800892585,0.1231938070602042
450,1.4400000000000004,-0.007953167048098508,-0.022109725800892585,0.1231938070602042
451,1.4432000000000003,-0.007953167048098508,-0.022109725800892585,0.1231938070602042
452,1.4464000000000004,-0.007953167048098508,-0.022109725800892585,0.1231938070602042
453,1.4496000000000002,-0.007953167048098508,-0.022109725800892585,0.1231938070602042
454,1.4528000000000003,-0.007953167048098508,-0.022109725800892585,0.1231938070602042
455,1.4560000000000004,-0.007953167048098508,-0.022109725800892585,0.1231938070602042
456,1.4592000000000003,-0.007953167048098508,-0.022109725800892585,0.1231938070602042
457,1.4624000000000004,-0.007953167048098508,-0.022109725800892585,0.1231938070602042
458,1.4656000000000002,-0.007953167048098508,-0.022109725800892585,0.1231938070602042
459,1.4688000000000003,-0.007953167048098508,-0.022109725800892585,0.1231938070602042
460,1.4720000000000002,-0.007953167048098508,-0.022109725800892585,0.1231938070602042
461,1.4752000000000003,-0.007953167048098508,-0.022109725800892585,0.1231938070602042
462,1.4784000000000004,-0.007953167048098508,-0.022109725800892585,0.1231938070602042
463,1.4816000000000003,-0.007953167048098508,-0.022109725800892585,0.1231938070602042
464,1.4848000000000003,-0.007953167048098508,-0.022109725800892585,0.1231938070602042
465,1.4880000000000002,-0.007953167048098508,-0.022109725800892585,0.1231938070602042
466,1.4912000000000003,-0.007953167048098508,-0.022109725800892585,0.1231938070602042
467,1.4944000000000004,-0.007953167048098508,-0.022109725800892585,0.1231938070602042
468,1.4976000000000003,-0.007953167048098508,-0.022109725800892585,0.1231938070602042
469,1.5008000000000004,-0.007953167048098508,-0.022109725800892585,0.1231938070602042
470,1.5040000000000002,-0.007953167048098508,-0.022109725800892585,0.1231938070602042
471,1.5072000000000003,-0.007953167048098508,-0.022109725800892585,0.1231938070602042
472,1.5104000000000002,-0.007953167048098508,-0.022109725800892585,0.1231938070602042
473,1.5136000000000003,-0.007953167048098508,-0.022109725800892585,0.1231938070602042
474,1.5168000000000004,-0.007953167048098508,-0.022109725800892585,0.1231938070602042
475,1.5200000000000002,-0.007953167048098508,-0.022109725800892585,0.1231938070602042
476,1.5232000000000003,-0.007953167048098508,-0.022109725800892585,0.1231938070602042
477,1.5264000000000002,-0.007953167048098508,-0.022109725800892585,0.1231938070602042
478,1.5296000000000003,-0.007953167048098508,-0.022109725800892585,0.1231938070602042
479,1.5328000000000004,-0.007953167048098508,-0.022109725800892585,0.1231938070602042
480,1.5360000000000005,-0.007953167048098508,-0.022109725800892585,0.1231938070602042
481,1.5392000000000003,-0.007953167048098508,-0.022109725800892585,0.1231938070602042
482,1.5424000000000004,-0.007953167048098508,-0.022109725800892585,0.1231938070602042
483,1.5456000000000003,-0.007953167048098508,-0.022109725800892585,0.1231938070602042
484,1.5488000000000004,-0.007953167048098508,-0.022109725800892585,0.1231938070602042
485,1.5520000000000005,-0.007953167048098508,-0.022109725800892585,0.1231938070602042
486,1.5552000000000004,-0.007953167048098508,-0.022109725800892585,0.1231938070602042
487,1.5584000000000005,-0.007953167048098508,-0.022109725800892585,0.1231938070602042
488,1.5616000000000003,-0.007953167048098508,-0.022109725800892585,0.1231938070602042
489,1.5648000000000004,-0.007953167048098508,-0.022109725800892585,0.1231938070602042
490,1.5680000000000003,-0.007953167048098508,-0.022109725800892585,0.1231938070602042
491,1.5712000000000004,-0.007953167048098508,-0.022109725800892585,0.1231938070602042
492,1.5744000000000005,-0.007953167048098508,-0.022109725800892585,0.1231938070602042
493,1.5776000000000003,-0.007953167048098508,-0.022109725800892585,0.1231938070602042
494,1.5808000000000004,-0.007953167048098508,-0.022109725800892585,0.1231938070602042
495,1.5840000000000003,-0.007953167048098508,-0.022109725800892585,0.1231938070602042
496,1.5872000000000004,-0.007953167048098508,-0.022109725800892585,0.1231938070602042
497,1.5904000000000005,-0.007953167048098508,-0.022109725800892585,0.1231938070602042
498,1.5936000000000003,-0.007953167048098508,-0.022109725800892585,0.1231938070602042
499,1.5968000000000004,-0.007953167048098508,-0.022109725800892585,0.1231938070602042
500,1.6000000000000003,-0.007953167048098508,-0.022109725800892585,0.1231938070602042
501,1.6032000000000004,-0.007953167048098508,-0.022109725800892585,0.1231938070602042
502,1.6064000000000003,-0.007953167048098508,-0.022109725800892585,0.1231938070602042
503,1.6096000000000004,-0.007953167048098508,-0.022109725800892585,0.1231938070602042
504,1.6128000000000005,-0.007953167048098508,-0.022109725800892585,0.1231938070602042
505,1.6160000000000003,-0.007953167048098508,-0.022109725800892585,0.1231938070602042
506,1.6192000000000004,-0.007953167048098508,-0.022109725800892585,0.1231938070602042
507,1.6224000000000003,-0.007953167048098508,-0.022109725800892585,0.1231938070602042
508,1.6256000000000004,-0.007953167048098508,-0.022109725800892585,0.1231938070602042
509,1.6288000000000005,-0.007953167048098508,-0.022109725800892585,0.1231938070602042
510,1.6320000000000003,-0.007953167048098508,-0.022109725800892585,0.1231938070602042
511,1.6352000000000004,-0.007953167048098508,-0.022109725800892585,0.1231938070602042
512,1.6384000000000003,-0.007953167048098508,-0.022109725800892585,0.1231938070602042
513,1.6416000000000004,-0.007953167048098508,-0.022109725800892585,0.1231938070602042
514,1.6448000000000005,-0.007953167048098508,-0.022109725800892585,0.1231938070602042
515,1.6480000000000004,-0.007953167048098508,-0.022109725800892585,0.1231938070602042
516,1.6512000000000004,-0.007953167048098508,-0.022109725800892585,0.1231938070602042
517,1.6544000000000003,-0.007953167048098508,-0.022109725800892585,0.1231938070602042
518,1.6576000000000004,-0.007953167048098508,-0.022109725800892585,0.1231938070602042
519,1.6608000000000005,-0.007953167048098508,-0.022109725800892585,0.1231938070602042
520,1.6640000000000004,-0.007953167048098508,-0.022109725800892585,0.1231938070602042
521,1.6672000000000005,-0.007953167048098508,-0.022109725800892585,0.1231938070602042
522,1.6704000000000006,-0.007953167048098508,-0.022109725800892585,0.1231938070602042
523,1.6736000000000004,-0.007953167048098508,-0.022109725800892585,0.1231938070602042
524,1.6768000000000005,-0.007953167048098508,-0.022109725800892585,0.1231938070602042
525,1.6800000000000004,-0.007953167048098508,-0.022109725800892585,0.1231938070602042
526,1.6832000000000005,-0.007953167048098508,-0.022109725800892585,0.1231938070602042
527,1.6864000000000006,-0.007953167048098508,-0.022109725800892585,0.1231938070602042
528,1.6896000000000004,-0.007953167048098508,-0.022109725800892585,0.1231938070602042
529,1.6928000000000005,-0.007953167048098508,-0.022109725800892585,0.1231938070602042
530,1.6960000000000004,-0.007953167048098508,-0.022109725800892585,0.1231938070602042
531,1.6992000000000005,-0.007953167048098508,-0.022109725800892585,0.1231938070602042
532,1.7024000000000004,-0.007953167048098508,-0.022109725800892585,0.1231938070602042
533,1.7056000000000004,-0.007953167048098508,-0.022109725800892585,0.1231938070602042
534,1.7088000000000005,-0.007953167048098508,-0.022109725800892585,0.1231938070602042
535,1.7120000000000004,-0.007953167048098508,-0.022109725800892585,0.1231938070602042
536,1.7152000000000005,-0.007953167048098508,-0.022109725800892585,0.1231938070602042
537,1.7184000000000004,-0.007953167048098508,-0.022109725800892585,0.1231938070602042
538,1.7216000000000005,-0.007953167048098508,-0.022109725800892585,0.1231938070602042
539,1.7248000000000006,-0.007953167048098508,-0.022109725800892585,0.1231938070602042
540,1.7280000000000004,-0.007953167048098508,-0.022109725800892585,0.1231938070602042
541,1.7312000000000005,-0.007953167048098508,-0.022109725800892585,0.1231938070602042
542,1.7344000000000004,-0.007953167048098508,-0.022109725800892585,0.1231938070602042
543,1.7376000000000005,-0.007953167048098508,-0.022109725800892585,0.1231938070602042
544,1.7408000000000006,-0.007953167048098508,-0.022109725800892585,0.1231938070602042
545,1.7440000000000004,-0.007953167048098508,-0.022109725800892585,0.1231938070602042
546,1.7472000000000005,-0.007953167048098508,-0.022109725800892585,0.1231938070602042
547,1.7504000000000004,-0.007953167048098508,-0.022109725800892585,0.1231938070602042
548,1.7536000000000005,-0.007953167048098508,-0.022109725800892585,0.1231938070602042
549,1.7568000000000004,-0.007953167048098508,-0.022109725800892585,0.1231938070602042
550,1.7600000000000005,-0.007953167048098508,-0.022109725800892585,0.1231938070602042
551,1.7632000000000005,-0.007953167048098508,-0.022109725800892585,0.1231938070602042
552,1.7664000000000004,-0.007953167048098508,-0.022109725800892585,0.1231938070602042
553,1.7696000000000005,-0.007953167048098508,-0.022109725800892585,0.1231938070602042
554,1.7728000000000004,-0.007953167048098508,-0.022109725800892585,0.1231938070602042
555,1.7760000000000005,-0.007953167048098508,-0.022109725800892585,0.1231938070602042
556,1.7792000000000006,-0.007953167048098508,-0.022109725800892585,0.1231938070602042
557,1.7824000000000004,-0.007953167048098508,-0.022109725800892585,0.1231938070602042
558,1.7856000000000005,-0.007953167048098508,-0.022109725800892585,0.1231938070602042
559,1.7888000000000004,-0.007953167048098508,-0.022109725800892585,0.1231938070602042
560,1.7920000000000005,-0.007953167048098508,-0.022109725800892585,0.1231938070602042
561,1.7952000000000004,-0.007953167048098508,-0.022109725800892585,0.1231938070602042
562,1.7984000000000004,-0.007953167048098508,-0.022109725800892585,0.1231938070602042
563,1.8016000000000005,-0.007953167048098508,-0.022109725800892585,0.1231938070602042
564,1.8048000000000006,-0.007953167048098508,-0.022109725800892585,0.1231938070602042
565,1.8080000000000005,-0.007953167048098508,-0.022109725800892585,0.1231938070602042
566,1.8112000000000006,-0.007953167048098508,-0.022109725800892585,0.1231938070602042
567,1.8144000000000005,-0.007953167048098508,-0.022109725800892585,0.1231938070602042
568,1.8176000000000005,-0.007953167048098508,-0.022109725800892585,0.1231938070602042
569,1.8208000000000006,-0.007953167048098508,-0.022109725800892585,0.1231938070602042
570,1.8240000000000005,-0.007953167048098508,-0.022109725800892585,0.1231938070602042
571,1.8272000000000006,-0.007953167048098508,-0.022109725800892585,0.1231938070602042
572,1.8304000000000005,-0.007953167048098508,-0.022109725800892585,0.1231938070602042
573,1.8336000000000006,-0.007953167048098508,-0.022109725800892585,0.1231938070602042
574,1.8368000000000004,-0.007953167048098508,-0.022109725800892585,0.1231938070602042
575,1.8400000000000005,-0.007953167048098508,-0.022109725800892585,0.1231938070602042
576,1.8432000000000006,-0.007953167048098508,-0.022109725800892585,0.1231938070602042
577,1.8464000000000005,-0.007953167048098508,-0.022109725800892585,0.1231938070602042
578,1.8496000000000006,-0.007953167048098508,-0.022109725800892585,0.1231938070602042
579,1.8528000000000004,-0.007953167048098508,-0.022109725800892585,0.1231938070602042
580,1.8560000000000005,-0.007953167048098508,-0.022109725800892585,0.1231938070602042
581,1.8592000000000006,-0.007953167048098508,-0.022109725800892585,0.1231938070602042
582,1.8624000000000005,-0.007953167048098508,-0.022109725800892585,0.1231938070602042
583,1.8656000000000006,-0.007953167048098508,-0.022109725800892585,0.1231938070602042
584,1.8688000000000005,-0.007953167048098508,-0.022109725800892585,0.1231938070602042
585,1.8720000000000006,-0.007953167048098508,-0.022109725800892585,0.1231938070602042
586,1.8752000000000004,-0.007953167048098508,-0.022109725800892585,0.1231938070602042
587,1.8784000000000005,-0.007953167048098508,-0.022109725800892585,0.1231938070602042
588,1.8816000000000006,-0.007953167048098508,-0.022109725800892585,0.1231938070602042
589,1.8848000000000005,-0.007953167048098508,-0.022109725800892585,0.1231938070602042
590,1.8880000000000006,-0.007953167048098508,-0.022109725800892585,0.1231938070602042
591,1.8912000000000004,-0.007953167048098508,-0.022109725800892585,0.1231938070602042
592,1.8944000000000005,-0.007953167048098508,-0.022109725800892585,0.1231938070602042
593,1.8976000000000006,-0.007953167048098508,-0.022109725800892585,0.1231938070602042
594,1.9008000000000005,-0.007953167048098508,-0.022109725800892585,0.1231938070602042
595,1.9040000000000006,-0.007953167048098508,-0.022109725800892585,0.1231938070602042
596,1.9072000000000005,-0.007953167048098508,-0.022109725800892585,0.1231938070602042
597,1.9104000000000005,-0.007953167048098508,-0.022109725800892585,0.1231938070602042
598,1.9136000000000006,-0.007953167048098508,-0.022109725800892585,0.1231938070602042
599,1.9168000000000005,-0.007953167048098508,-0.022109725800892585,0.1231938070602042
600,1.9200000000000006,-0.007953167048098508,-0.022109725800892585,0.1231938070602042
Agent ID,5
Number of,601
0,0.0,0.01790877603256613,-0.03432699253008238,0.12748921993717421
1,0.0032,0.017908776305079355,-0.034327025086017676,0.12748918105191825
2,0.0064,0.01790877821267192,-0.03432725297756476,0.12748890885512645
3,0.009600000000000001,0.01790878339042316,-0.034327871540335404,0.12748817003526305
4,0.0128,0.01790879347341242,-0.034329076109941396,0.1274867312807922
5,0.016,0.017908810096719036,-0.03433106202199452,0.12748435928017804
6,0.019200000000000002,0.017908834895422353,-0.03433402461210656,0.12748082072188482
7,0.0224,0.017908869504601705,-0.034338159215889286,0.12747588229437673
8,0.0256,0.017908915559336432,-0.034343661168954494,0.12746931068611791
9,0.028800000000000003,0.017908974694705877,-0.034350725806913965,0.12746087258557257
10,0.032,0.017909048545789376,-0.03435954846537948,0.12745033468120487
11,0.0352,0.01790913874766627,-0.03437032447996282,0.12743746366147904
12,0.038400000000000004,0.017909246935415898,-0.03438324918627576,0.1274220262148592
13,0.041600000000000005,0.0179093747441176,-0.0343985179199301,0.1274037890298096
14,0.0448,0.017909523808850712,-0.034416326016537616,0.12738251879479437
15,0.048,0.01790969576469458,-0.034436868811710084,0.1273579821982777
16,0.0512,0.017909892246728537,-0.03446034164105929,0.12732994592872382
17,0.054400000000000004,0.017910114890031928,-0.03448693984019702,0.1272981766745969
18,0.057600000000000005,0.01791036532968409,-0.03451685874473505,0.12726244112436105
19,0.0608,0.01791064520076436,-0.03455029369028517,0.12722250596648055
20,0.064,0.017910956138352082,-0.034587440012459156,0.12717813788941953
21,0.06720000000000001,0.017911299777526594,-0.0346284930468688,0.12712910358164223
22,0.0704,0.01791167775336723,-0.03467364812912587,0.12707516973161276
23,0.0736,0.01791209170095334,-0.03472310059484216,0.12701610302779534
24,0.07680000000000001,0.017912543255364254,-0.03477704577962945,0.12695167015865413
25,0.08,0.017913034051679315,-0.03483567901909952,0.12688163781265338
26,0.08320000000000001,0.017913565724977865,-0.03489919564886416,0.1268057726782572
27,0.0864,0.01791413991033924,-0.03496779100453514,0.1267238414439298
28,0.0896,0.01791475824284278,-0.035041660421724255,0.1266356107981354
29,0.09280000000000001,0.017915422357567823,-0.03512099923604328,0.12654084742933813
30,0.096,0.017916133889593715,-0.035206002783104,0.1264393180260022
31,0.09920000000000001,0.017916894473999787,-0.0352968663985182,0.1263307892765918
32,0.1024,0.017917705745865382,-0.03539378541789766,0.1262150278695711
33,0.1056,0.017918568795243398,-0.03549689006498356,0.1260918782639162
34,0.10880000000000001,0.017919482532080935,-0.035606050116034724,0.12596149600065104
35,0.112,0.017920445321298654,-0.03572107023543937,0.1258241143913114
36,0.11520000000000001,0.01792145552781722,-0.03584175508758571,0.12567996674743306
37,0.1184,0.01792251151655729,-0.03596790933686196,0.12552928638055189
38,0.1216,0.017923611652439525,-0.03609933764765634,0.1253723066022037
39,0.12480000000000001,0.017924754300384586,-0.03623584468435707,0.12520926072392427
40,0.128,0.017925937825313133,-0.03637723511135236,0.12504038205724946
41,0.1312,0.017927160592145826,-0.03652331359303044,0.12486590391371505
42,0.13440000000000002,0.01792842096580333,-0.03667388479377951,0.12468605960485689
43,0.1376,0.0179297173112063,-0.0368287533779878,0.12450108244221077
44,0.1408,0.0179310479932754,-0.03698772401004352,0.12431120573731251
45,0.14400000000000002,0.01793241137693129,-0.0371506013543349,0.12411666280169793
46,0.1472,0.017933805827094626,-0.037317190075250146,0.12391768694690285
47,0.1504,0.017935229708686076,-0.03748729483717748,0.12371451148446308
48,0.15360000000000001,0.017936681386626296,-0.03766072030450512,0.12350736972591445
49,0.1568,0.017938159225835946,-0.03783727114162127,0.12329649498279274
50,0.16,0.01793966159123569,-0.038016752012914164,0.12308212056663381
51,0.1632,0.017941186847746184,-0.03819896758277202,0.12286447978897345
52,0.16640000000000002,0.017942733360288093,-0.038383722515583044,0.12264380596134748
53,0.1696,0.017944299493782075,-0.038570821475735456,0.12242033239529172
54,0.1728,0.01794588361314879,-0.03876006912761749,0.12219429240234198
55,0.17600000000000002,0.017947484083308905,-0.03895127013561733,0.12196591929403408
56,0.1792,0.017949099269183068,-0.039144229164123225,0.12173544638190385
57,0.1824,0.01795072753569195,-0.039338750877523386,0.12150310697748708
58,0.18560000000000001,0.017952367247756208,-0.039534639940206014,0.1212691343923196
59,0.1888,0.017954016770296503,-0.039731701016559345,0.12103376193793722
60,0.192,0.017955674468233495,-0.039929738770971585,0.12079722292587576
61,0.1952,0.017957338706487844,-0.040128557867830955,0.12055975066767104
62,0.19840000000000002,0.017959007849980214,-0.040327962971525674,0.12032157847485887
63,0.2016,0.01796068026363126,-0.04052775874644396,0.12008293965897507
64,0.2048,0.017962354312361647,-0.04072774985697403,0.11984406753155545
65,0.20800000000000002,0.01804467097003321,-0.040872327580257065,0.11965945588552679
66,0.2112,0.01812698762770477,-0.041016905303540095,0.11947484423949813
67,0.2144,0.018209304285376333,-0.041161483026823126,0.11929023259346945
68,0.21760000000000002,0.018291620943047895,-0.04130606075010616,0.11910562094744079
69,0.2208,0.018373937600719453,-0.0414506384733892,0.11892100930141213
70,0.224,0.018456254258391015,-0.04159521619667223,0.11873639765538346
71,0.2272,0.018538570916062577,-0.04173979391995526,0.11855178600935479
72,0.23040000000000002,0.01862088757373414,-0.0418843716432383,0.11836717436332612
73,0.2336,0.0187032042314057,-0.04202894936652134,0.11818256271729746
74,0.2368,0.018785520889077263,-0.04217352708980437,0.1179979510712688
75,0.24000000000000002,0.018867837546748825,-0.042318104813087405,0.11781333942524012
76,0.24320000000000003,0.018950154204420387,-0.042462682536370436,0.11762872777921146
77,0.2464,0.01903247086209195,-0.04260726025965347,0.1174441161331828
78,0.24960000000000002,0.019114787519763508,-0.042751837982936504,0.11725950448715414
79,0.2528,0.01919710417743507,-0.042896415706219534,0.11707489284112547
80,0.256,0.01927942083510663,-0.04304099342950257,0.1168902811950968
81,0.2592,0.019361737492778194,-0.04318557115278561,0.11670566954906814
82,0.2624,0.019444054150449756,-0.04333014887606864,0.11652105790303947
83,0.2656,0.019526370808121318,-0.04347472659935168,0.11633644625701081
84,0.26880000000000004,0.01960868746579288,-0.04361930432263471,0.11615183461098214
85,0.272,0.01969100412346444,-0.043763882045917746,0.11596722296495347
86,0.2752,0.019773320781136,-0.043908459769200776,0.11578261131892481
87,0.2784,0.019855637438807562,-0.044053037492483814,0.11559799967289615
88,0.2816,0.019937954096479124,-0.044197615215766844,0.11541338802686747
89,0.2848,0.020020270754150686,-0.04434219293904988,0.11522877638083881
90,0.28800000000000003,0.020102587411822248,-0.04448677066233291,0.11504416473481015
91,0.2912,0.02018490406949381,-0.04463134838561594,0.11485955308878149
92,0.2944,0.020267220727165372,-0.04477592610889898,0.11467494144275281
93,0.29760000000000003,0.020349537384836934,-0.04492050383218202,0.11449032979672415
94,0.3008,0.020431854042508496,-0.04506508155546505,0.11430571815069548
95,0.30400000000000005,0.020514170700180058,-0.04520965927874808,0.11412110650466682
96,0.30720000000000003,0.020596487357851617,-0.04535423700203112,0.11393649485863816
97,0.3104,0.02067880401552318,-0.045498814725314154,0.11375188321260948
98,0.3136,0.02076112067319474,-0.045643392448597185,0.11356727156658082
99,0.3168,0.020843437330866302,-0.045787970171880216,0.11338265992055216
100,0.32,0.020925753988537864,-0.04593254789516325,0.1131980482745235
101,0.32320000000000004,0.021008070646209426,-0.04607712561844629,0.11301343662849482
102,0.3264,0.02109038730388099,-0.04622170334172932,0.11282882498246616
103,0.3296,0.021172703961552547,-0.04636628106501236,0.1126442133364375
104,0.3328,0.02125502061922411,-0.04651085878829539,0.11245960169040883
105,0.336,0.02133733727689567,-0.04665543651157843,0.11227499004438016
106,0.33920000000000006,0.021419653934567233,-0.04680001423486146,0.1120903783983515
107,0.34240000000000004,0.021501970592238795,-0.046944591958144495,0.11190576675232283
108,0.3456,0.021584287249910357,-0.047089169681427526,0.11172115510629417
109,0.3488,0.02166660390758192,-0.04723374740471056,0.11153654346026551
110,0.352,0.02174892056525348,-0.047378325127993594,0.11135193181423683
111,0.3552,0.021831237222925043,-0.04752290285127663,0.11116732016820817
112,0.35840000000000005,0.021913553880596605,-0.04766748057455966,0.11098270852217951
113,0.36160000000000003,0.021995870538268163,-0.0478120582978427,0.11079809687615085
114,0.3648,0.022078187195939725,-0.04795663602112573,0.11061348523012218
115,0.368,0.022160503853611287,-0.04810121374440876,0.1104288735840935
116,0.3712,0.02224282051128285,-0.0482457914676918,0.11024426193806484
117,0.37439999999999996,0.022318651383409317,-0.048397580419583835,0.11004431435029297
118,0.3776,0.022394482255535784,-0.04854936937147587,0.10984436676252109
119,0.38079999999999997,0.02247031312766225,-0.04870115832336791,0.10964441917474921
120,0.38399999999999995,0.022546143999788718,-0.04885294727525995,0.10944447158697733
121,0.3872,0.022621974871915185,-0.049004736227151985,0.10924452399920545
122,0.39039999999999997,0.022697805744041653,-0.04915652517904402,0.10904457641143357
123,0.39359999999999995,0.02277363661616812,-0.04930831413093606,0.1088446288236617
124,0.3968,0.022849467488294587,-0.0494601030828281,0.1086446812358898
125,0.39999999999999997,0.022925298360421054,-0.049611892034720134,0.10844473364811792
126,0.4032,0.02300112923254752,-0.04976368098661217,0.10824478606034604
127,0.4064,0.023076960104673985,-0.04991546993850421,0.10804483847257416
128,0.40959999999999996,0.023152790976800453,-0.05006725889039625,0.10784489088480229
129,0.4128,0.02322862184892692,-0.05021904784228829,0.10764494329703041
130,0.416,0.023304452721053387,-0.05037083679418033,0.10744499570925853
131,0.41919999999999996,0.023380283593179854,-0.050522625746072365,0.10724504812148665
132,0.4224,0.02345611446530632,-0.0506744146979644,0.10704510053371477
133,0.4256,0.02353194533743279,-0.05082620364985644,0.10684515294594289
134,0.42879999999999996,0.023607776209559256,-0.05097799260174848,0.10664520535817101
135,0.432,0.023683607081685723,-0.051129781553640515,0.10644525777039913
136,0.4352,0.02375943795381219,-0.05128157050553255,0.10624531018262726
137,0.4384,0.023835268825938657,-0.05143335945742459,0.10604536259485538
138,0.4416,0.023911099698065125,-0.05158514840931663,0.1058454150070835
139,0.4448,0.023986930570191592,-0.051736937361208664,0.10564546741931162
140,0.44799999999999995,0.02406276144231806,-0.0518887263131007,0.10544551983153974
141,0.4512,0.024138592314444526,-0.05204051526499274,0.10524557224376785
142,0.45439999999999997,0.024214423186570994,-0.052192304216884776,0.10504562465599597
143,0.4576,0.02429025405869746,-0.05234409316877681,0.10484567706822409
144,0.4608,0.024366084930823928,-0.05249588212066885,0.10464572948045221
145,0.46399999999999997,0.024441915802950395,-0.05264767107256089,0.10444578189268033
146,0.46719999999999995,0.024517746675076862,-0.052799460024452925,0.10424583430490846
147,0.4704,0.02459357754720333,-0.05295124897634496,0.10404588671713658
148,0.47359999999999997,0.024669408419329797,-0.053103037928237,0.1038459391293647
149,0.4768,0.024745239291456264,-0.05325482688012904,0.10364599154159282
150,0.48,0.02482107016358273,-0.053406615832021075,0.10344604395382094
151,0.48319999999999996,0.0248969010357092,-0.05355840478391312,0.10324609636604906
152,0.4864,0.024972731907835662,-0.053710193735805156,0.10304614877827718
153,0.4896,0.02504856277996213,-0.053861982687697194,0.1028462011905053
154,0.49279999999999996,0.025124393652088597,-0.05401377163958923,0.10264625360273343
155,0.496,0.025200224524215064,-0.05416556059148127,0.10244630601496155
156,0.4992,0.02527605539634153,-0.054317349543373306,0.10224635842718965
157,0.5024,0.025351886268468,-0.05446913849526534,0.10204641083941779
158,0.5056,0.025427717140594466,-0.05462092744715738,0.1018464632516459
159,0.5087999999999999,0.025503548012720933,-0.05477271639904942,0.10164651566387402
160,0.512,0.0255793788848474,-0.054924505350941455,0.10144656807610214
161,0.5152,0.025655209756973867,-0.05507629430283349,0.10124662048833026
162,0.5184,0.025731040629100334,-0.05522808325472553,0.10104667290055838
163,0.5216,0.0258068715012268,-0.05537987220661757,0.1008467253127865
164,0.5247999999999999,0.02588270237335327,-0.055531661158509604,0.10064677772501462
165,0.5279999999999999,0.025883473904851274,-0.0556324808362605,0.10042512290527515
166,0.5311999999999999,0.025884245436349276,-0.0557333005140114,0.1002034680855357
167,0.5344,0.025885016967847282,-0.0558341201917623,0.09998181326579622
168,0.5376,0.025885788499345287,-0.0559349398695132,0.09976015844605675
169,0.5408,0.025886560030843293,-0.0560357595472641,0.09953850362631728
170,0.5439999999999999,0.025887331562341295,-0.056136579225015,0.09931684880657782
171,0.5471999999999999,0.0258881030938393,-0.0562373989027659,0.09909519398683835
172,0.5503999999999999,0.025888874625337305,-0.05633821858051679,0.09887353916709887
173,0.5536,0.02588964615683531,-0.05643903825826769,0.09865188434735941
174,0.5568,0.025890417688333313,-0.05653985793601859,0.09843022952761994
175,0.5599999999999999,0.02589118921983132,-0.05664067761376949,0.09820857470788047
176,0.5631999999999999,0.025891960751329324,-0.056741497291520386,0.097986919888141
177,0.5663999999999999,0.02589273228282733,-0.056842316969271285,0.09776526506840154
178,0.5695999999999999,0.02589350381432533,-0.056943136647022184,0.09754361024866207
179,0.5728,0.025894275345823337,-0.05704395632477308,0.0973219554289226
180,0.576,0.025895046877321342,-0.05714477600252398,0.09710030060918312
181,0.5791999999999999,0.025895818408819347,-0.05724559568027488,0.09687864578944366
182,0.5823999999999999,0.02589658994031735,-0.05734641535802578,0.09665699096970419
183,0.5855999999999999,0.025897361471815355,-0.05744723503577668,0.09643533614996472
184,0.5888,0.02589813300331336,-0.05754805471352758,0.09621368133022526
185,0.592,0.025898904534811366,-0.05764887439127848,0.09599202651048579
186,0.5952,0.025899676066309368,-0.05774969406902937,0.09577037169074631
187,0.5983999999999999,0.025900447597807373,-0.05785051374678027,0.09554871687100684
188,0.6015999999999999,0.02590121912930538,-0.05795133342453117,0.09532706205126738
189,0.6047999999999999,0.025901990660803384,-0.05805215310228207,0.09510540723152791
190,0.608,0.025902762192301386,-0.058152972780032966,0.09488375241178844
191,0.6112,0.02590353372379939,-0.058253792457783865,0.09466209759204898
192,0.6144,0.025904305255297397,-0.058354612135534764,0.09444044277230951
193,0.6175999999999999,0.025905076786795402,-0.05845543181328566,0.09421878795257004
194,0.6207999999999999,0.025905848318293404,-0.05855625149103656,0.09399713313283056
195,0.6239999999999999,0.02590661984979141,-0.05865707116878746,0.0937754783130911
196,0.6272,0.025907391381289415,-0.05875789084653836,0.09355382349335163
197,0.6304,0.02590816291278742,-0.05885871052428926,0.09333216867361216
198,0.6335999999999999,0.025908934444285422,-0.05895953020204016,0.0931105138538727
199,0.6367999999999999,0.025909705975783428,-0.05906034987979106,0.09288885903413323
200,0.6399999999999999,0.025910477507281433,-0.05916116955754196,0.09266720421439376
201,0.6432,0.02591124903877944,-0.05926198923529285,0.09244554939465428
202,0.6464,0.02591202057027744,-0.05936280891304375,0.09222389457491481
203,0.6496,0.025912792101775446,-0.05946362859079465,0.09200223975517535
204,0.6527999999999999,0.02591356363327345,-0.059564448268545546,0.09178058493543588
205,0.6559999999999999,0.025914335164771457,-0.059665267946296445,0.09155893011569641
206,0.6592,0.02591510669626946,-0.059766087624047344,0.09133727529595695
207,0.6624,0.025915878227767464,-0.05986690730179824,0.09111562047621748
208,0.6656,0.02588297152189683,-0.059789209756042634,0.0910334608684777
209,0.6688,0.025850064816026197,-0.05971151221028703,0.09095130126073793
210,0.672,0.02581715811015556,-0.05963381466453142,0.09086914165299816
211,0.6752,0.025784251404284926,-0.05955611711877582,0.09078698204525838
212,0.6784,0.02575134469841429,-0.05947841957302021,0.09070482243751861
213,0.6816,0.02571843799254366,-0.05940072202726461,0.09062266282977884
214,0.6848,0.025685531286673023,-0.059323024481509,0.09054050322203908
215,0.688,0.025652624580802388,-0.0592453269357534,0.0904583436142993
216,0.6912,0.025619717874931752,-0.05916762938999779,0.09037618400655953
217,0.6944,0.02558681116906112,-0.05908993184424219,0.09029402439881976
218,0.6976,0.025553904463190485,-0.05901223429848658,0.09021186479107998
219,0.7008,0.02552099775731985,-0.05893453675273098,0.09012970518334021
220,0.704,0.025488091051449214,-0.05885683920697537,0.09004754557560044
221,0.7071999999999999,0.025455184345578582,-0.058779141661219766,0.08996538596786066
222,0.7104,0.025422277639707946,-0.05870144411546416,0.08988322636012089
223,0.7136,0.02538937093383731,-0.058623746569708556,0.08980106675238111
224,0.7168,0.025356464227966675,-0.05854604902395295,0.08971890714464134
225,0.72,0.025323557522096043,-0.058468351478197345,0.08963674753690157
226,0.7232,0.025290650816225408,-0.058390653932441736,0.0895545879291618
227,0.7263999999999999,0.025257744110354773,-0.058312956386686134,0.08947242832142203
228,0.7296,0.025224837404484137,-0.058235258840930525,0.08939026871368226
229,0.7328,0.025191930698613505,-0.05815756129517492,0.08930810910594249
230,0.736,0.02515902399274287,-0.058079863749419314,0.08922594949820271
231,0.7392,0.025126117286872234,-0.05800216620366371,0.08914378989046294
232,0.7424,0.0250932105810016,-0.0579244686579081,0.08906163028272317
233,0.7456,0.025060303875130967,-0.0578467711121525,0.0889794706749834
234,0.7488,0.02502739716926033,-0.05776907356639689,0.08889731106724362
235,0.752,0.024994490463389696,-0.05769137602064129,0.08881515145950385
236,0.7552,0.02496158375751906,-0.05761367847488568,0.08873299185176407
237,0.7584,0.02492867705164843,-0.05753598092913008,0.0886508322440243
238,0.7616,0.024895770345777793,-0.05745828338337447,0.08856867263628453
239,0.7648,0.024862863639907157,-0.05738058583761887,0.08848651302854477
240,0.768,0.024829956934036522,-0.05730288829186326,0.08840435342080499
241,0.7712,0.02479705022816589,-0.05722519074610766,0.08832219381306522
242,0.7744,0.024764143522295255,-0.05714749320035205,0.08824003420532545
243,0.7776,0.02473123681642462,-0.057069795654596446,0.08815787459758567
244,0.7807999999999999,0.024698330110553984,-0.05699209810884084,0.0880757149898459
245,0.784,0.02466542340468335,-0.056914400563085235,0.08799355538210613
246,0.7872,0.024632516698812716,-0.056836703017329626,0.08791139577436635
247,0.7904,0.02459960999294208,-0.056759005471574024,0.08782923616662658
248,0.7936,0.024566703287071445,-0.056681307925818415,0.0877470765588868
249,0.7968,0.024533796581200813,-0.05660361038006281,0.08766491695114703
250,0.8,0.024500889875330178,-0.056525912834307204,0.08758275734340726
251,0.8032,0.024467983169459542,-0.0564482152885516,0.08750059773566748
252,0.8064,0.024435076463588907,-0.05637051774279599,0.08741843812792771
253,0.8096,0.024402169757718275,-0.05629282019704039,0.08733627852018795
254,0.8128,0.02436926305184764,-0.05621512265128478,0.08725411891244818
255,0.8160000000000001,0.024336356345977004,-0.05613742510552917,0.0871719593047084
256,0.8191999999999999,0.02430344964010637,-0.05605972755977357,0.08708979969696863
257,0.8224,0.024270542934235736,-0.05598203001401796,0.08700764008922886
258,0.8256,0.0242376362283651,-0.05590433246826236,0.08692548048148908
259,0.8288,0.024207872302336553,-0.05576203942792288,0.08697155072792473
260,0.832,0.024178108376308006,-0.055619746387583394,0.08701762097436037
261,0.8352,0.024148344450279458,-0.0554774533472439,0.08706369122079602
262,0.8384,0.02411858052425091,-0.05533516030690442,0.08710976146723165
263,0.8416,0.024088816598222363,-0.055192867266564936,0.0871558317136673
264,0.8448,0.024059052672193815,-0.05505057422622545,0.08720190196010294
265,0.848,0.024029288746165268,-0.05490828118588597,0.08724797220653858
266,0.8512,0.02399952482013672,-0.054765988145546486,0.08729404245297423
267,0.8544,0.023969760894108173,-0.054623695105206996,0.08734011269940987
268,0.8576,0.023939996968079625,-0.05448140206486751,0.0873861829458455
269,0.8608,0.023910233042051077,-0.05433910902452803,0.08743225319228115
270,0.864,0.02388046911602253,-0.054196815984188546,0.0874783234387168
271,0.8672,0.023850705189993982,-0.05405452294384906,0.08752439368515244
272,0.8704,0.023820941263965435,-0.05391222990350958,0.08757046393158809
273,0.8736,0.023791177337936887,-0.05376993686317009,0.08761653417802373
274,0.8768,0.02376141341190834,-0.053627643822830605,0.08766260442445936
275,0.88,0.023731649485879792,-0.05348535078249112,0.087708674670895
276,0.8832,0.023701885559851244,-0.05334305774215164,0.08775474491733065
277,0.8864,0.023672121633822697,-0.053200764701812155,0.0878008151637663
278,0.8896,0.02364235770779415,-0.053058471661472664,0.08784688541020194
279,0.8928,0.0236125937817656,-0.05291617862113318,0.08789295565663759
280,0.896,0.023582829855737054,-0.0527738855807937,0.08793902590307323
281,0.8992,0.023553065929708506,-0.052631592540454214,0.08798509614950886
282,0.9024,0.02352330200367996,-0.05248929950011473,0.08803116639594451
283,0.9056,0.02349353807765141,-0.05234700645977525,0.08807723664238015
284,0.9088,0.02346377415162286,-0.05220471341943576,0.0881233068888158
285,0.912,0.023434010225594312,-0.05206242037909627,0.08816937713525144
286,0.9152,0.023404246299565765,-0.05192012733875679,0.08821544738168709
287,0.9184,0.023374482373537217,-0.051777834298417307,0.08826151762812272
288,0.9216,0.02334471844750867,-0.05163554125807782,0.08830758787455836
289,0.9248000000000001,0.023314954521480122,-0.05149324821773833,0.08835365812099401
290,0.928,0.023285190595451574,-0.05135095517739885,0.08839972836742965
291,0.9312,0.023255426669423027,-0.051208662137059366,0.0884457986138653
292,0.9344,0.02322566274339448,-0.05106636909671988,0.08849186886030094
293,0.9376,0.02319589881736593,-0.0509240760563804,0.08853793910673657
294,0.9408,0.023166134891337384,-0.050781783016040916,0.08858400935317222
295,0.944,0.023136370965308836,-0.050639489975701425,0.08863007959960786
296,0.9472,0.02310660703928029,-0.05049719693536194,0.08867614984604351
297,0.9504,0.02307684311325174,-0.05035490389502246,0.08872222009247915
298,0.9536,0.023047079187223193,-0.050212610854682975,0.0887682903389148
299,0.9568,0.023017315261194646,-0.05007031781434349,0.08881436058535044
300,0.96,0.022987551335166098,-0.04992802477400401,0.08886043083178607
301,0.9632000000000001,0.02295778740913755,-0.04978573173366452,0.08890650107822172
302,0.9664,0.022928023483109003,-0.049643438693325034,0.08895257132465736
303,0.9696,0.022898259557080455,-0.04950114565298555,0.08899864157109301
304,0.9728,0.022868495631051908,-0.04935885261264607,0.08904471181752865
305,0.976,0.02283873170502336,-0.049216559572306584,0.0890907820639643
306,0.9792000000000001,0.022808967778994813,-0.0490742665319671,0.08913685231039993
307,0.9823999999999999,0.022779203852966265,-0.04893197349162761,0.08918292255683558
308,0.9856,0.022749439926937717,-0.04878968045128813,0.08922899280327122
309,0.9888,0.02271967600090917,-0.04864738741094864,0.08927506304970687
310,0.992,0.02271967600090917,-0.04864738741094864,0.08927506304970687
311,0.9952,0.02271967600090917,-0.04864738741094864,0.08927506304970687
312,0.9984000000000001,0.02271967600090917,-0.04864738741094864,0.08927506304970687
313,1.0016,0.02271967600090917,-0.04864738741094864,0.08927506304970687
314,1.0048,0.02271967600090917,-0.04864738741094864,0.08927506304970687
315,1.008,0.02271967600090917,-0.04864738741094864,0.08927506304970687
316,1.0112,0.02271967600090917,-0.04864738741094864,0.08927506304970687
317,1.0144,0.02271967600090917,-0.04864738741094864,0.08927506304970687
318,1.0176,0.02271967600090917,-0.04864738741094864,0.08927506304970687
319,1.0208,0.02271967600090917,-0.04864738741094864,0.08927506304970687
320,1.024,0.02271967600090917,-0.04864738741094864,0.08927506304970687
321,1.0272000000000001,0.02271967600090917,-0.04864738741094864,0.08927506304970687
322,1.0304,0.02271967600090917,-0.04864738741094864,0.08927506304970687
323,1.0336,0.02271967600090917,-0.04864738741094864,0.08927506304970687
324,1.0368,0.02271967600090917,-0.04864738741094864,0.08927506304970687
325,1.04,0.02271967600090917,-0.04864738741094864,0.08927506304970687
326,1.0432000000000001,0.02271967600090917,-0.04864738741094864,0.08927506304970687
327,1.0464,0.02271967600090917,-0.04864738741094864,0.08927506304970687
328,1.0496,0.02271967600090917,-0.04864738741094864,0.08927506304970687
329,1.0528,0.02271967600090917,-0.04864738741094864,0.08927506304970687
330,1.056,0.02271967600090917,-0.04864738741094864,0.08927506304970687
331,1.0592,0.02271967600090917,-0.04864738741094864,0.08927506304970687
332,1.0624,0.02271967600090917,-0.04864738741094864,0.08927506304970687
333,1.0656,0.02271967600090917,-0.04864738741094864,0.08927506304970687
334,1.0688,0.02271967600090917,-0.04864738741094864,0.08927506304970687
335,1.072,0.02271967600090917,-0.04864738741094864,0.08927506304970687
336,1.0752,0.02271967600090917,-0.04864738741094864,0.08927506304970687
337,1.0784,0.02271967600090917,-0.04864738741094864,0.08927506304970687
338,1.0816000000000001,0.02271967600090917,-0.04864738741094864,0.08927506304970687
339,1.0848,0.02271967600090917,-0.04864738741094864,0.08927506304970687
340,1.088,0.02271967600090917,-0.04864738741094864,0.08927506304970687
341,1.0912,0.02271967600090917,-0.04864738741094864,0.08927506304970687
342,1.0944,0.02271967600090917,-0.04864738741094864,0.08927506304970687
343,1.0976,0.02271967600090917,-0.04864738741094864,0.08927506304970687
344,1.1008,0.02271967600090917,-0.04864738741094864,0.08927506304970687
345,1.104,0.02271967600090917,-0.04864738741094864,0.08927506304970687
346,1.1072,0.02271967600090917,-0.04864738741094864,0.08927506304970687
347,1.1104,0.02271967600090917,-0.04864738741094864,0.08927506304970687
348,1.1136,0.02271967600090917,-0.04864738741094864,0.08927506304970687
349,1.1168,0.02271967600090917,-0.04864738741094864,0.08927506304970687
350,1.12,0.02271967600090917,-0.04864738741094864,0.08927506304970687
351,1.1232,0.02271967600090917,-0.04864738741094864,0.08927506304970687
352,1.1264,0.02271967600090917,-0.04864738741094864,0.08927506304970687
353,1.1296,0.02271967600090917,-0.04864738741094864,0.08927506304970687
354,1.1328,0.02271967600090917,-0.04864738741094864,0.08927506304970687
355,1.1360000000000001,0.02271967600090917,-0.04864738741094864,0.08927506304970687
356,1.1392,0.02271967600090917,-0.04864738741094864,0.08927506304970687
357,1.1424,0.02271967600090917,-0.04864738741094864,0.08927506304970687
358,1.1456000000000002,0.02271967600090917,-0.04864738741094864,0.08927506304970687
359,1.1488000000000003,0.02271967600090917,-0.04864738741094864,0.08927506304970687
360,1.1520000000000001,0.02271967600090917,-0.04864738741094864,0.08927506304970687
361,1.1552000000000002,0.02271967600090917,-0.04864738741094864,0.08927506304970687
362,1.1584,0.02271967600090917,-0.04864738741094864,0.08927506304970687
363,1.1616000000000002,0.02271967600090917,-0.04864738741094864,0.08927506304970687
364,1.1648000000000003,0.02271967600090917,-0.04864738741094864,0.08927506304970687
365,1.1680000000000001,0.02271967600090917,-0.04864738741094864,0.08927506304970687
366,1.1712000000000002,0.02271967600090917,-0.04864738741094864,0.08927506304970687
367,1.1744,0.02271967600090917,-0.04864738741094864,0.08927506304970687
368,1.1776000000000002,0.02271967600090917,-0.04864738741094864,0.08927506304970687
369,1.1808,0.02271967600090917,-0.04864738741094864,0.08927506304970687
370,1.1840000000000002,0.02271967600090917,-0.04864738741094864,0.08927506304970687
371,1.1872000000000003,0.02271967600090917,-0.04864738741094864,0.08927506304970687
372,1.1904000000000001,0.02271967600090917,-0.04864738741094864,0.08927506304970687
373,1.1936000000000002,0.02271967600090917,-0.04864738741094864,0.08927506304970687
374,1.1968,0.02271967600090917,-0.04864738741094864,0.08927506304970687
375,1.2000000000000002,0.02271967600090917,-0.04864738741094864,0.08927506304970687
376,1.2032000000000003,0.02271967600090917,-0.04864738741094864,0.08927506304970687
377,1.2064000000000001,0.02271967600090917,-0.04864738741094864,0.08927506304970687
378,1.2096000000000002,0.02271967600090917,-0.04864738741094864,0.08927506304970687
379,1.2128,0.02271967600090917,-0.04864738741094864,0.08927506304970687
380,1.2160000000000002,0.02271967600090917,-0.04864738741094864,0.08927506304970687
381,1.2192000000000003,0.02271967600090917,-0.04864738741094864,0.08927506304970687
382,1.2224000000000002,0.02271967600090917,-0.04864738741094864,0.08927506304970687
383,1.2256000000000002,0.02271967600090917,-0.04864738741094864,0.08927506304970687
384,1.2288000000000001,0.02271967600090917,-0.04864738741094864,0.08927506304970687
385,1.2320000000000002,0.02271967600090917,-0.04864738741094864,0.08927506304970687
386,1.2352,0.02271967600090917,-0.04864738741094864,0.08927506304970687
387,1.2384000000000002,0.02271967600090917,-0.04864738741094864,0.08927506304970687
388,1.2416000000000003,0.02271967600090917,-0.04864738741094864,0.08927506304970687
389,1.2448000000000001,0.02271967600090917,-0.04864738741094864,0.08927506304970687
390,1.2480000000000002,0.02271967600090917,-0.04864738741094864,0.08927506304970687
391,1.2512,0.02271967600090917,-0.04864738741094864,0.08927506304970687
392,1.2544000000000002,0.02271967600090917,-0.04864738741094864,0.08927506304970687
393,1.2576000000000003,0.02271967600090917,-0.04864738741094864,0.08927506304970687
394,1.2608000000000001,0.02271967600090917,-0.04864738741094864,0.08927506304970687
395,1.2640000000000002,0.02271967600090917,-0.04864738741094864,0.08927506304970687
396,1.2672,0.02271967600090917,-0.04864738741094864,0.08927506304970687
397,1.2704000000000002,0.02271967600090917,-0.04864738741094864,0.08927506304970687
398,1.2736,0.02271967600090917,-0.04864738741094864,0.08927506304970687
399,1.2768000000000002,0.02271967600090917,-0.04864738741094864,0.08927506304970687
400,1.2800000000000002,0.02271967600090917,-0.04864738741094864,0.08927506304970687
401,1.2832000000000001,0.02271967600090917,-0.04864738741094864,0.08927506304970687
402,1.2864000000000002,0.02271967600090917,-0.04864738741094864,0.08927506304970687
403,1.2896,0.02271967600090917,-0.04864738741094864,0.08927506304970687
404,1.2928000000000002,0.02271967600090917,-0.04864738741094864,0.08927506304970687
405,1.2960000000000003,0.02271967600090917,-0.04864738741094864,0.08927506304970687
406,1.2992000000000004,0.02271967600090917,-0.04864738741094864,0.08927506304970687
407,1.3024000000000002,0.02271967600090917,-0.04864738741094864,0.08927506304970687
408,1.3056000000000003,0.02271967600090917,-0.04864738741094864,0.08927506304970687
409,1.3088000000000002,0.02271967600090917,-0.04864738741094864,0.08927506304970687
410,1.3120000000000003,0.02271967600090917,-0.04864738741094864,0.08927506304970687
411,1.3152000000000004,0.02271967600090917,-0.04864738741094864,0.08927506304970687
412,1.3184000000000002,0.02271967600090917,-0.04864738741094864,0.08927506304970687
413,1.3216000000000003,0.02271967600090917,-0.04864738741094864,0.08927506304970687
414,1.3248000000000002,0.02271967600090917,-0.04864738741094864,0.08927506304970687
415,1.3280000000000003,0.02271967600090917,-0.04864738741094864,0.08927506304970687
416,1.3312000000000002,0.02271967600090917,-0.04864738741094864,0.08927506304970687
417,1.3344000000000003,0.02271967600090917,-0.04864738741094864,0.08927506304970687
418,1.3376000000000003,0.02271967600090917,-0.04864738741094864,0.08927506304970687
419,1.3408000000000002,0.02271967600090917,-0.04864738741094864,0.08927506304970687
420,1.3440000000000003,0.02271967600090917,-0.04864738741094864,0.08927506304970687
421,1.3472000000000002,0.02271967600090917,-0.04864738741094864,0.08927506304970687
422,1.3504000000000003,0.02271967600090917,-0.04864738741094864,0.08927506304970687
423,1.3536000000000004,0.02271967600090917,-0.04864738741094864,0.08927506304970687
424,1.3568000000000002,0.02271967600090917,-0.04864738741094864,0.08927506304970687
425,1.3600000000000003,0.02271967600090917,-0.04864738741094864,0.08927506304970687
426,1.3632000000000002,0.02271967600090917,-0.04864738741094864,0.08927506304970687
427,1.3664000000000003,0.02271967600090917,-0.04864738741094864,0.08927506304970687
428,1.3696000000000002,0.02271967600090917,-0.04864738741094864,0.08927506304970687
429,1.3728000000000002,0.02271967600090917,-0.04864738741094864,0.08927506304970687
430,1.3760000000000003,0.02271967600090917,-0.04864738741094864,0.08927506304970687
431,1.3792000000000002,0.02271967600090917,-0.04864738741094864,0.08927506304970687
432,1.3824000000000003,0.02271967600090917,-0.04864738741094864,0.08927506304970687
433,1.3856000000000002,0.02271967600090917,-0.04864738741094864,0.08927506304970687
434,1.3888000000000003,0.02271967600090917,-0.04864738741094864,0.08927506304970687
435,1.3920000000000003,0.02271967600090917,-0.04864738741094864,0.08927506304970687
436,1.3952000000000002,0.02271967600090917,-0.04864738741094864,0.08927506304970687
437,1.3984000000000003,0.02271967600090917,-0.04864738741094864,0.08927506304970687
438,1.4016000000000002,0.02271967600090917,-0.04864738741094864,0.08927506304970687
439,1.4048000000000003,0.02271967600090917,-0.04864738741094864,0.08927506304970687
440,1.4080000000000004,0.02271967600090917,-0.04864738741094864,0.08927506304970687
441,1.4112000000000002,0.02271967600090917,-0.04864738741094864,0.08927506304970687
442,1.4144000000000003,0.02271967600090917,-0.04864738741094864,0.08927506304970687
443,1.4176000000000002,0.02271967600090917,-0.04864738741094864,0.08927506304970687
444,1.4208000000000003,0.02271967600090917,-0.04864738741094864,0.08927506304970687
445,1.4240000000000004,0.02271967600090917,-0.04864738741094864,0.08927506304970687
446,1.4272000000000002,0.02271967600090917,-0.04864738741094864,0.08927506304970687
447,1.4304000000000003,0.02271967600090917,-0.04864738741094864,0.08927506304970687
448,1.4336000000000002,0.02271967600090917,-0.04864738741094864,0.08927506304970687
449,1.4368000000000003,0.02271967600090917,-0.04864738741094864,0.08927506304970687
450,1.4400000000000004,0.02271967600090917,-0.04864738741094864,0.08927506304970687
451,1.4432000000000003,0.02271967600090917,-0.04864738741094864,0.08927506304970687
452,1.4464000000000004,0.02271967600090917,-0.04864738741094864,0.08927506304970687
453,1.4496000000000002,0.02271967600090917,-0.04864738741094864,0.08927506304970687
454,1.4528000000000003,0.02271967600090917,-0.04864738741094864,0.08927506304970687
455,1.4560000000000004,0.02271967600090917,-0.04864738741094864,0.08927506304970687
456,1.4592000000000003,0.02271967600090917,-0.04864738741094864,0.08927506304970687
457,1.4624000000000004,0.02271967600090917,-0.04864738741094864,0.08927506304970687
458,1.4656000000000002,0.02271967600090917,-0.04864738741094864,0.08927506304970687
459,1.4688000000000003,0.02271967600090917,-0.04864738741094864,0.08927506304970687
460,1.4720000000000002,0.02271967600090917,-0.04864738741094864,0.08927506304970687
461,1.4752000000000003,0.02271967600090917,-0.04864738741094864,0.08927506304970687
462,1.4784000000000004,0.02271967600090917,-0.04864738741094864,0.08927506304970687
463,1.4816000000000003,0.02271967600090917,-0.04864738741094864,0.08927506304970687
464,1.4848000000000003,0.02271967600090917,-0.04864738741094864,0.08927506304970687
465,1.4880000000000002,0.02271967600090917,-0.04864738741094864,0.08927506304970687
466,1.4912000000000003,0.02271967600090917,-0.04864738741094864,0.08927506304970687
467,1.4944000000000004,0.02271967600090917,-0.04864738741094864,0.08927506304970687
468,1.4976000000000003,0.02271967600090917,-0.04864738741094864,0.08927506304970687
469,1.5008000000000004,0.02271967600090917,-0.04864738741094864,0.08927506304970687
470,1.5040000000000002,0.02271967600090917,-0.04864738741094864,0.08927506304970687
471,1.5072000000000003,0.02271967600090917,-0.04864738741094864,0.08927506304970687
472,1.5104000000000002,0.02271967600090917,-0.04864738741094864,0.08927506304970687
473,1.5136000000000003,0.02271967600090917,-0.04864738741094864,0.08927506304970687
474,1.5168000000000004,0.02271967600090917,-0.04864738741094864,0.08927506304970687
475,1.5200000000000002,0.02271967600090917,-0.04864738741094864,0.08927506304970687
476,1.5232000000000003,0.02271967600090917,-0.04864738741094864,0.08927506304970687
477,1.5264000000000002,0.02271967600090917,-0.04864738741094864,0.08927506304970687
478,1.5296000000000003,0.02271967600090917,-0.04864738741094864,0.08927506304970687
479,1.5328000000000004,0.02271967600090917,-0.04864738741094864,0.08927506304970687
480,1.5360000000000005,0.02271967600090917,-0.04864738741094864,0.08927506304970687
481,1.5392000000000003,0.02271967600090917,-0.04864738741094864,0.08927506304970687
482,1.5424000000000004,0.02271967600090917,-0.04864738741094864,0.08927506304970687
483,1.5456000000000003,0.02271967600090917,-0.04864738741094864,0.08927506304970687
484,1.5488000000000004,0.02271967600090917,-0.04864738741094864,0.08927506304970687
485,1.5520000000000005,0.02271967600090917,-0.04864738741094864,0.08927506304970687
486,1.5552000000000004,0.02271967600090917,-0.04864738741094864,0.08927506304970687
487,1.5584000000000005,0.02271967600090917,-0.04864738741094864,0.08927506304970687
488,1.5616000000000003,0.02271967600090917,-0.04864738741094864,0.08927506304970687
489,1.5648000000000004,0.02271967600090917,-0.04864738741094864,0.08927506304970687
490,1.5680000000000003,0.02271967600090917,-0.04864738741094864,0.08927506304970687
491,1.5712000000000004,0.02271967600090917,-0.04864738741094864,0.08927506304970687
492,1.5744000000000005,0.02271967600090917,-0.04864738741094864,0.08927506304970687
493,1.5776000000000003,0.02271967600090917,-0.04864738741094864,0.08927506304970687
494,1.5808000000000004,0.02271967600090917,-0.04864738741094864,0.08927506304970687
495,1.5840000000000003,0.02271967600090917,-0.04864738741094864,0.08927506304970687
496,1.5872000000000004,0.02271967600090917,-0.04864738741094864,0.08927506304970687
497,1.5904000000000005,0.02271967600090917,-0.04864738741094864,0.08927506304970687
498,1.5936000000000003,0.02271967600090917,-0.04864738741094864,0.08927506304970687
499,1.5968000000000004,0.02271967600090917,-0.04864738741094864,0.08927506304970687
500,1.6000000000000003,0.02271967600090917,-0.04864738741094864,0.08927506304970687
501,1.6032000000000004,0.02271967600090917,-0.04864738741094864,0.08927506304970687
502,1.6064000000000003,0.02271967600090917,-0.04864738741094864,0.08927506304970687
503,1.6096000000000004,0.02271967600090917,-0.04864738741094864,0.08927506304970687
504,1.6128000000000005,0.02271967600090917,-0.04864738741094864,0.08927506304970687
505,1.6160000000000003,0.02271967600090917,-0.04864738741094864,0.08927506304970687
506,1.6192000000000004,0.02271967600090917,-0.04864738741094864,0.08927506304970687
507,1.6224000000000003,0.02271967600090917,-0.04864738741094864,0.08927506304970687
508,1.6256000000000004,0.02271967600090917,-0.04864738741094864,0.08927506304970687
509,1.6288000000000005,0.02271967600090917,-0.04864738741094864,0.08927506304970687
510,1.6320000000000003,0.02271967600090917,-0.04864738741094864,0.08927506304970687
511,1.6352000000000004,0.02271967600090917,-0.04864738741094864,0.08927506304970687
512,1.6384000000000003,0.02271967600090917,-0.04864738741094864,0.08927506304970687
513,1.6416000000000004,0.02271967600090917,-0.04864738741094864,0.08927506304970687
514,1.6448000000000005,0.02271967600090917,-0.04864738741094864,0.08927506304970687
515,1.6480000000000004,0.02271967600090917,-0.04864738741094864,0.08927506304970687
516,1.6512000000000004,0.02271967600090917,-0.04864738741094864,0.08927506304970687
517,1.6544000000000003,0.02271967600090917,-0.04864738741094864,0.08927506304970687
518,1.6576000000000004,0.02271967600090917,-0.04864738741094864,0.08927506304970687
519,1.6608000000000005,0.02271967600090917,-0.04864738741094864,0.08927506304970687
520,1.6640000000000004,0.02271967600090917,-0.04864738741094864,0.08927506304970687
521,1.6672000000000005,0.02271967600090917,-0.04864738741094864,0.08927506304970687
522,1.6704000000000006,0.02271967600090917,-0.04864738741094864,0.08927506304970687
523,1.6736000000000004,0.02271967600090917,-0.04864738741094864,0.08927506304970687
524,1.6768000000000005,0.02271967600090917,-0.04864738741094864,0.08927506304970687
525,1.6800000000000004,0.02271967600090917,-0.04864738741094864,0.08927506304970687
526,1.6832000000000005,0.02271967600090917,-0.04864738741094864,0.08927506304970687
527,1.6864000000000006,0.02271967600090917,-0.04864738741094864,0.08927506304970687
528,1.6896000000000004,0.02271967600090917,-0.04864738741094864,0.08927506304970687
529,1.6928000000000005,0.02271967600090917,-0.04864738741094864,0.08927506304970687
530,1.6960000000000004,0.02271967600090917,-0.04864738741094864,0.08927506304970687
531,1.6992000000000005,0.02271967600090917,-0.04864738741094864,0.08927506304970687
532,1.7024000000000004,0.02271967600090917,-0.04864738741094864,0.08927506304970687
533,1.7056000000000004,0.02271967600090917,-0.04864738741094864,0.08927506304970687
534,1.7088000000000005,0.02271967600090917,-0.04864738741094864,0.08927506304970687
535,1.7120000000000004,0.02271967600090917,-0.04864738741094864,0.08927506304970687
536,1.7152000000000005,0.02271967600090917,-0.04864738741094864,0.08927506304970687
537,1.7184000000000004,0.02271967600090917,-0.04864738741094864,0.08927506304970687
538,1.7216000000000005,0.02271967600090917,-0.04864738741094864,0.08927506304970687
539,1.7248000000000006,0.02271967600090917,-0.04864738741094864,0.08927506304970687
540,1.7280000000000004,0.02271967600090917,-0.04864738741094864,0.08927506304970687
541,1.7312000000000005,0.02271967600090917,-0.04864738741094864,0.08927506304970687
542,1.7344000000000004,0.02271967600090917,-0.04864738741094864,0.08927506304970687
543,1.7376000000000005,0.02271967600090917,-0.04864738741094864,0.08927506304970687
544,1.7408000000000006,0.02271967600090917,-0.04864738741094864,0.08927506304970687
545,1.7440000000000004,0.02271967600090917,-0.04864738741094864,0.08927506304970687
546,1.7472000000000005,0.02271967600090917,-0.04864738741094864,0.08927506304970687
547,1.7504000000000004,0.02271967600090917,-0.04864738741094864,0.08927506304970687
548,1.7536000000000005,0.02271967600090917,-0.04864738741094864,0.08927506304970687
549,1.7568000000000004,0.02271967600090917,-0.04864738741094864,0.08927506304970687
550,1.7600000000000005,0.02271967600090917,-0.04864738741094864,0.08927506304970687
551,1.7632000000000005,0.02271967600090917,-0.04864738741094864,0.08927506304970687
552,1.7664000000000004,0.02271967600090917,-0.04864738741094864,0.08927506304970687
553,1.7696000000000005,0.02271967600090917,-0.04864738741094864,0.08927506304970687
554,1.7728000000000004,0.02271967600090917,-0.04864738741094864,0.08927506304970687
555,1.7760000000000005,0.02271967600090917,-0.04864738741094864,0.08927506304970687
556,1.7792000000000006,0.02271967600090917,-0.04864738741094864,0.08927506304970687
557,1.7824000000000004,0.02271967600090917,-0.04864738741094864,0.08927506304970687
558,1.7856000000000005,0.02271967600090917,-0.04864738741094864,0.08927506304970687
559,1.7888000000000004,0.02271967600090917,-0.04864738741094864,0.08927506304970687
560,1.7920000000000005,0.02271967600090917,-0.04864738741094864,0.08927506304970687
561,1.7952000000000004,0.02271967600090917,-0.04864738741094864,0.08927506304970687
562,1.7984000000000004,0.02271967600090917,-0.04864738741094864,0.08927506304970687
563,1.8016000000000005,0.02271967600090917,-0.04864738741094864,0.08927506304970687
564,1.8048000000000006,0.02271967600090917,-0.04864738741094864,0.08927506304970687
565,1.8080000000000005,0.02271967600090917,-0.04864738741094864,0.08927506304970687
566,1.8112000000000006,0.02271967600090917,-0.04864738741094864,0.08927506304970687
567,1.8144000000000005,0.02271967600090917,-0.04864738741094864,0.08927506304970687
568,1.8176000000000005,0.02271967600090917,-0.04864738741094864,0.08927506304970687
569,1.8208000000000006,0.02271967600090917,-0.04864738741094864,0.08927506304970687
570,1.8240000000000005,0.02271967600090917,-0.04864738741094864,0.08927506304970687
571,1.8272000000000006,0.02271967600090917,-0.04864738741094864,0.08927506304970687
572,1.8304000000000005,0.02271967600090917,-0.04864738741094864,0.08927506304970687
573,1.8336000000000006,0.02271967600090917,-0.04864738741094864,0.08927506304970687
574,1.8368000000000004,0.02271967600090917,-0.04864738741094864,0.08927506304970687
575,1.8400000000000005,0.02271967600090917,-0.04864738741094864,0.08927506304970687
576,1.8432000000000006,0.02271967600090917,-0.04864738741094864,0.08927506304970687
577,1.8464000000000005,0.02271967600090917,-0.04864738741094864,0.08927506304970687
578,1.8496000000000006,0.02271967600090917,-0.04864738741094864,0.08927506304970687
579,1.8528000000000004,0.02271967600090917,-0.04864738741094864,0.08927506304970687
580,1.8560000000000005,0.02271967600090917,-0.04864738741094864,0.08927506304970687
581,1.8592000000000006,0.02271967600090917,-0.04864738741094864,0.08927506304970687
582,1.8624000000000005,0.02271967600090917,-0.04864738741094864,0.08927506304970687
583,1.8656000000000006,0.02271967600090917,-0.04864738741094864,0.08927506304970687
584,1.8688000000000005,0.02271967600090917,-0.04864738741094864,0.08927506304970687
585,1.8720000000000006,0.02271967600090917,-0.04864738741094864,0.08927506304970687
586,1.8752000000000004,0.02271967600090917,-0.04864738741094864,0.08927506304970687
587,1.8784000000000005,0.02271967600090917,-0.04864738741094864,0.08927506304970687
588,1.8816000000000006,0.02271967600090917,-0.04864738741094864,0.08927506304970687
589,1.8848000000000005,0.02271967600090917,-0.04864738741094864,0.08927506304970687
590,1.8880000000000006,0.02271967600090917,-0.04864738741094864,0.08927506304970687
591,1.8912000000000004,0.02271967600090917,-0.04864738741094864,0.08927506304970687
592,1.8944000000000005,0.02271967600090917,-0.04864738741094864,0.08927506304970687
593,1.8976000000000006,0.02271967600090917,-0.04864738741094864,0.08927506304970687
594,1.9008000000000005,0.02271967600090917,-0.04864738741094864,0.08927506304970687
595,1.9040000000000006,0.02271967600090917,-0.04864738741094864,0.08927506304970687
596,1.9072000000000005,0.02271967600090917,-0.04864738741094864,0.08927506304970687
597,1.9104000000000005,0.02271967600090917,-0.04864738741094864,0.08927506304970687
598,1.9136000000000006,0.02271967600090917,-0.04864738741094864,0.08927506304970687
599,1.9168000000000005,0.02271967600090917,-0.04864738741094864,0.08927506304970687
600,1.9200000000000006,0.02271967600090917,-0.04864738741094864,0.08927506304970687
Agent ID,6
Number of,601
0,0.0,0.03823216912198807,0.054446966015112216,0.156668877387785
1,0.0032,0.03823217353859442,0.054446969199876655,0.15666886076527992
2,0.0064,0.038232204454838895,0.0544469914932277,0.15666874440774428
3,0.009600000000000001,0.03823228837035959,0.05444705200375198,0.15666842858014757
4,0.0128,0.038232451784794654,0.0544471698400361,0.1566678135474592
5,0.016,0.03823272119778218,0.05444736411066667,0.15666679957464866
6,0.019200000000000002,0.038233123108960286,0.05444765392423031,0.1566652869266854
7,0.0224,0.038233684017967104,0.05444805838931364,0.15666317586853887
8,0.0256,0.03823443042444074,0.054448596614503256,0.15666036666517852
9,0.028800000000000003,0.03823538882801931,0.054449287708385787,0.15665675958157382
10,0.032,0.03823658572834094,0.054450150779547846,0.15665225488269421
11,0.0352,0.038238047625043736,0.054451204936576035,0.15664675283350918
12,0.038400000000000004,0.03823980101776582,0.054452469288056984,0.15664015369898812
13,0.041600000000000005,0.03824187240614532,0.05445396294257729,0.15663235774410056
14,0.0448,0.038244288289820336,0.05445570500872358,0.1566232652338159
15,0.048,0.038247075168429,0.05445771459508246,0.1566127764331036
16,0.0512,0.03825025954160941,0.05446001081024055,0.15660079160693313
17,0.054400000000000004,0.038253867908999706,0.05446261276278446,0.15658721102027395
18,0.057600000000000005,0.03825792677023799,0.0544655395613008,0.15657193493809554
19,0.0608,0.038262462624962384,0.05446881031437619,0.1565548636253673
20,0.064,0.03826750197281101,0.05447244413059724,0.1565358973470587
21,0.06720000000000001,0.038273071313421975,0.05447646011855057,0.1565149363681392
22,0.0704,0.0382791971464334,0.054480877386822786,0.1564918809535783
23,0.0736,0.0382859059714834,0.05448571504400051,0.15646663136834538
24,0.07680000000000001,0.03829322428821011,0.05449099219867034,0.15643908787740995
25,0.08,0.03830117859625162,0.05449672795941891,0.15640915074574144
26,0.08320000000000001,0.038309795395246066,0.05450294143483282,0.1563767202383093
27,0.0864,0.038319101184831554,0.054509651733498685,0.15634169662008301
28,0.0896,0.03832912246464621,0.054516877964003126,0.15630398015603203
29,0.09280000000000001,0.03833988573432815,0.054524639234932754,0.15626347111112576
30,0.096,0.03835141749351549,0.05453295465487418,0.15622006975033373
31,0.09920000000000001,0.03836374424184634,0.05454184333241402,0.15617367633862533
32,0.1024,0.03837689247895883,0.05455132437613888,0.15612419114097004
33,0.1056,0.03839087987127836,0.05456141052510652,0.15607154766734752
34,0.10880000000000001,0.03840568875237952,0.05457208904025918,0.15601581240777812
35,0.112,0.038421292622624205,0.05458334081301026,0.15595708509729236
36,0.11520000000000001,0.03843766498237428,0.05459514673477313,0.1558954654709208
37,0.1184,0.038454779331991644,0.054607487696961186,0.155831053263694
38,0.1216,0.03847260917183817,0.05462034459098782,0.1557639482106425
39,0.12480000000000001,0.03849112800227574,0.05463369830826641,0.1556942500467968
40,0.128,0.038510309323666246,0.054647529740210345,0.15562205850718752
41,0.1312,0.03853012663637156,0.054661819778233006,0.15554747332684515
42,0.13440000000000002,0.038550553440753574,0.05467654931374779,0.15547059424080026
43,0.1376,0.03857156323717416,0.05469169923816807,0.15539152098408338
44,0.1408,0.03859312952599521,0.054707250442907245,0.15531035329172505
45,0.14400000000000002,0.03861522580757861,0.05472318381937869,0.15522719089875583
46,0.1472,0.038637825582286234,0.054739480258995804,0.15514213354020626
47,0.1504,0.03866090235047996,0.05475612065317196,0.1550552809511069
48,0.15360000000000001,0.038684429612521685,0.05477308589332055,0.15496673286648827
49,0.1568,0.03870838086877329,0.05479035687085496,0.1548765890213809
50,0.16,0.038732729619596645,0.05480791447718858,0.1547849491508154
51,0.1632,0.03875744936535364,0.05482573960373479,0.15469191298982227
52,0.16640000000000002,0.038782513606406166,0.054843813141906984,0.15459758027343204
53,0.1696,0.03880789584311609,0.05486211598311854,0.15450205073667528
54,0.1728,0.038833569575845314,0.054880629018782844,0.15440542411458252
55,0.17600000000000002,0.0388595083049557,0.05489933314031329,0.15430780014218431
56,0.1792,0.03888568553080915,0.05491820923912326,0.15420927855451122
57,0.1824,0.03891207475376753,0.05493723820662614,0.15410995908659375
58,0.18560000000000001,0.03893864947419273,0.05495640093423531,0.15400994147346247
59,0.1888,0.03896538319244664,0.05497567831336417,0.15390932545014793
60,0.192,0.03899224940889113,0.0549950512354261,0.15380821075168066
61,0.1952,0.039019221623888094,0.05501450059183448,0.1537066971130912
62,0.19840000000000002,0.039046273337799406,0.055034007274002705,0.15360488426941013
63,0.2016,0.03907337805098695,0.05505355217334415,0.15350287195566797
64,0.2048,0.039100509263812616,0.05507311618127222,0.15340075990689525
65,0.20800000000000002,0.03914365568379626,0.055094720582260025,0.1532167850035318
66,0.2112,0.0391868021037799,0.05511632498324783,0.15303281010016836
67,0.2144,0.03922994852376355,0.055137929384235645,0.1528488351968049
68,0.21760000000000002,0.03927309494374719,0.05515953378522345,0.15266486029344145
69,0.2208,0.03931624136373083,0.05518113818621126,0.152480885390078
70,0.224,0.03935938778371448,0.055202742587199066,0.15229691048671457
71,0.2272,0.039402534203698124,0.05522434698818688,0.15211293558335112
72,0.23040000000000002,0.03944568062368177,0.05524595138917469,0.15192896067998768
73,0.2336,0.03948882704366541,0.055267555790162494,0.1517449857766242
74,0.2368,0.039531973463649055,0.0552891601911503,0.15156101087326077
75,0.24000000000000002,0.0395751198836327,0.055310764592138115,0.15137703596989732
76,0.24320000000000003,0.03961826630361634,0.05533236899312592,0.15119306106653388
77,0.2464,0.039661412723599986,0.05535397339411373,0.15100908616317044
78,0.24960000000000002,0.03970455914358363,0.055375577795101535,0.150825111259807
79,0.2528,0.03974770556356727,0.05539718219608934,0.15064113635644352
80,0.256,0.039790851983550916,0.055418786597077156,0.15045716145308008
81,0.2592,0.03983399840353456,0.05544039099806496,0.15027318654971664
82,0.2624,0.0398771448235182,0.05546199539905277,0.1500892116463532
83,0.2656,0.03992029124350185,0.05548359980004058,0.14990523674298975
84,0.26880000000000004,0.03996343766348549,0.05550520420102839,0.1497212618396263
85,0.272,0.04000658408346914,0.0555268086020162,0.14953728693626284
86,0.2752,0.04004973050345278,0.055548413003004005,0.1493533120328994
87,0.2784,0.040092876923436424,0.05557001740399181,0.14916933712953595
88,0.2816,0.04013602334342007,0.055591621804979625,0.1489853622261725
89,0.2848,0.04017916976340371,0.05561322620596743,0.14880138732280906
90,0.28800000000000003,0.040222316183387355,0.05563483060695524,0.1486174124194456
91,0.2912,0.040265462603371,0.055656435007943046,0.14843343751608215
92,0.2944,0.04030860902335464,0.05567803940893085,0.1482494626127187
93,0.29760000000000003,0.040351755443338286,0.05569964380991867,0.14806548770935526
94,0.3008,0.04039490186332193,0.055721248210906474,0.14788151280599182
95,0.30400000000000005,0.04043804828330557,0.05574285261189428,0.14769753790262838
96,0.30720000000000003,0.04048119470328922,0.05576445701288209,0.1475135629992649
97,0.3104,0.04052434112327286,0.0557860614138699,0.14732958809590146
98,0.3136,0.04056748754325651,0.05580766581485771,0.14714561319253802
99,0.3168,0.04061063396324015,0.055829270215845515,0.14696163828917458
100,0.32,0.04065378038322379,0.05585087461683332,0.14677766338581114
101,0.32320000000000004,0.04069692680320744,0.055872479017821136,0.1465936884824477
102,0.3264,0.04074007322319108,0.05589408341880894,0.14640971357908422
103,0.3296,0.040783219643174724,0.05591568781979675,0.14622573867572078
104,0.3328,0.04082636606315837,0.05593729222078456,0.14604176377235734
105,0.336,0.04086951248314201,0.055958896621772364,0.1458577888689939
106,0.33920000000000006,0.040912658903125655,0.05598050102276018,0.14567381396563045
107,0.34240000000000004,0.0409558053231093,0.056002105423747985,0.145489839062267
108,0.3456,0.04099895174309294,0.05602370982473579,0.14530586415890354
109,0.3488,0.041042098163076586,0.0560453142257236,0.1451218892555401
110,0.352,0.04108524458306023,0.05606691862671141,0.14493791435217665
111,0.3552,0.04112839100304388,0.05608852302769922,0.1447539394488132
112,0.35840000000000005,0.04117153742302752,0.056110127428687026,0.14456996454544976
113,0.36160000000000003,0.04121468384301116,0.05613173182967483,0.14438598964208632
114,0.3648,0.04125783026299481,0.05615333623066265,0.14420201473872285
115,0.368,0.04130097668297845,0.056174940631650454,0.1440180398353594
116,0.3712,0.041344123102962094,0.05619654503263826,0.14383406493199596
117,0.37439999999999996,0.041349473974249554,0.056185914363245826,0.14378507035169028
118,0.3776,0.04135482484553702,0.0561752836938534,0.14373607577138459
119,0.38079999999999997,0.04136017571682448,0.05616465302446096,0.14368708119107892
120,0.38399999999999995,0.04136552658811194,0.05615402235506853,0.14363808661077324
121,0.3872,0.04137087745939941,0.0561433916856761,0.14358909203046755
122,0.39039999999999997,0.04137622833068687,0.056132761016283665,0.14354009745016186
123,0.39359999999999995,0.041381579201974335,0.05612213034689123,0.14349110286985617
124,0.3968,0.041386930073261795,0.0561114996774988,0.1434421082895505
125,0.39999999999999997,0.041392280944549255,0.05610086900810637,0.14339311370924482
126,0.4032,0.04139763181583672,0.05609023833871393,0.14334411912893913
127,0.4064,0.04140298268712418,0.0560796076693215,0.14329512454863344
128,0.40959999999999996,0.04140833355841164,0.05606897699992907,0.14324612996832775
129,0.4128,0.04141368442969911,0.056058346330536635,0.14319713538802206
130,0.416,0.04141903530098657,0.0560477156611442,0.1431481408077164
131,0.41919999999999996,0.041424386172274036,0.05603708499175177,0.1430991462274107
132,0.4224,0.041429737043561496,0.05602645432235934,0.14305015164710502
133,0.4256,0.041435087914848956,0.0560158236529669,0.14300115706679933
134,0.42879999999999996,0.04144043878613642,0.056005192983574474,0.14295216248649364
135,0.432,0.04144578965742388,0.05599456231418204,0.14290316790618798
136,0.4352,0.04145114052871134,0.055983931644789604,0.1428541733258823
137,0.4384,0.04145649139999881,0.055973300975397176,0.1428051787455766
138,0.4416,0.04146184227128627,0.05596267030600474,0.14275618416527092
139,0.4448,0.04146719314257374,0.05595203963661231,0.14270718958496523
140,0.44799999999999995,0.0414725440138612,0.05594140896721987,0.14265819500465954
141,0.4512,0.04147789488514866,0.055930778297827444,0.14260920042435388
142,0.45439999999999997,0.041483245756436124,0.05592014762843501,0.1425602058440482
143,0.4576,0.041488596627723584,0.055909516959042574,0.1425112112637425
144,0.4608,0.041493947499011044,0.055898886289650146,0.1424622166834368
145,0.46399999999999997,0.04149929837029851,0.05588825562025771,0.14241322210313112
146,0.46719999999999995,0.04150464924158597,0.055877624950865276,0.14236422752282546
147,0.4704,0.04151000011287344,0.05586699428147285,0.14231523294251977
148,0.47359999999999997,0.0415153509841609,0.05585636361208041,0.14226623836221408
149,0.4768,0.04152070185544836,0.05584573294268798,0.1422172437819084
150,0.48,0.041526052726735825,0.05583510227329555,0.1421682492016027
151,0.48319999999999996,0.041531403598023285,0.055824471603903116,0.14211925462129704
152,0.4864,0.04153675446931075,0.05581384093451068,0.14207026004099135
153,0.4896,0.04154210534059821,0.05580321026511825,0.14202126546068566
154,0.49279999999999996,0.04154745621188567,0.05579257959572582,0.14197227088037997
155,0.496,0.04155280708317314,0.05578194892633338,0.14192327630007429
156,0.4992,0.0415581579544606,0.055771318256940955,0.14187428171976862
157,0.5024,0.04156350882574806,0.05576068758754852,0.14182528713946294
158,0.5056,0.041568859697035526,0.055750056918156085,0.14177629255915725
159,0.5087999999999999,0.041574210568322986,0.05573942624876365,0.14172729797885156
160,0.512,0.041579561439610446,0.05572879557937122,0.14167830339854587
161,0.5152,0.04158491231089791,0.05571816490997879,0.14162930881824018
162,0.5184,0.04159026318218537,0.05570753424058635,0.14158031423793452
163,0.5216,0.04159561405347284,0.055696903571193924,0.14153131965762883
164,0.5247999999999999,0.0416009649247603,0.05568627290180149,0.14148232507732314
165,0.5279999999999999,0.0416009649247603,0.05568627290180149,0.14148232507732314
166,0.5311999999999999,0.0416009649247603,0.05568627290180149,0.14148232507732314
167,0.5344,0.0416009649247603,0.05568627290180149,0.14148232507732314
168,0.5376,0.0416009649247603,0.05568627290180149,0.14148232507732314
169,0.5408,0.0416009649247603,0.05568627290180149,0.14148232507732314
170,0.5439999999999999,0.0416009649247603,0.05568627290180149,0.14148232507732314
171,0.5471999999999999,0.0416009649247603,0.05568627290180149,0.14148232507732314
172,0.5503999999999999,0.0416009649247603,0.05568627290180149,0.14148232507732314
173,0.5536,0.0416009649247603,0.05568627290180149,0.14148232507732314
174,0.5568,0.0416009649247603,0.05568627290180149,0.14148232507732314
175,0.5599999999999999,0.0416009649247603,0.05568627290180149,0.14148232507732314
176,0.5631999999999999,0.0416009649247603,0.05568627290180149,0.14148232507732314
177,0.5663999999999999,0.0416009649247603,0.05568627290180149,0.14148232507732314
178,0.5695999999999999,0.0416009649247603,0.05568627290180149,0.14148232507732314
179,0.5728,0.0416009649247603,0.05568627290180149,0.14148232507732314
180,0.576,0.0416009649247603,0.05568627290180149,0.14148232507732314
181,0.5791999999999999,0.0416009649247603,0.05568627290180149,0.14148232507732314
182,0.5823999999999999,0.0416009649247603,0.05568627290180149,0.14148232507732314
183,0.5855999999999999,0.0416009649247603,0.05568627290180149,0.14148232507732314
184,0.5888,0.0416009649247603,0.05568627290180149,0.14148232507732314
185,0.592,0.0416009649247603,0.05568627290180149,0.14148232507732314
186,0.5952,0.0416009649247603,0.05568627290180149,0.14148232507732314
187,0.5983999999999999,0.0416009649247603,0.05568627290180149,0.14148232507732314
188,0.6015999999999999,0.0416009649247603,0.05568627290180149,0.14148232507732314
189,0.6047999999999999,0.0416009649247603,0.05568627290180149,0.14148232507732314
190,0.608,0.0416009649247603,0.05568627290180149,0.14148232507732314
191,0.6112,0.0416009649247603,0.05568627290180149,0.14148232507732314
192,0.6144,0.0416009649247603,0.05568627290180149,0.14148232507732314
193,0.6175999999999999,0.0416009649247603,0.05568627290180149,0.14148232507732314
194,0.6207999999999999,0.0416009649247603,0.05568627290180149,0.14148232507732314
195,0.6239999999999999,0.0416009649247603,0.05568627290180149,0.14148232507732314
196,0.6272,0.0416009649247603,0.05568627290180149,0.14148232507732314
197,0.6304,0.0416009649247603,0.05568627290180149,0.14148232507732314
198,0.6335999999999999,0.0416009649247603,0.05568627290180149,0.14148232507732314
199,0.6367999999999999,0.0416009649247603,0.05568627290180149,0.14148232507732314
200,0.6399999999999999,0.0416009649247603,0.05568627290180149,0.14148232507732314
201,0.6432,0.0416009649247603,0.05568627290180149,0.14148232507732314
202,0.6464,0.0416009649247603,0.05568627290180149,0.14148232507732314
203,0.6496,0.0416009649247603,0.05568627290180149,0.14148232507732314
204,0.6527999999999999,0.0416009649247603,0.05568627290180149,0.14148232507732314
205,0.6559999999999999,0.0416009649247603,0.05568627290180149,0.14148232507732314
206,0.6592,0.0416009649247603,0.05568627290180149,0.14148232507732314
207,0.6624,0.0416009649247603,0.05568627290180149,0.14148232507732314
208,0.6656,0.0416009649247603,0.05568627290180149,0.14148232507732314
209,0.6688,0.0416009649247603,0.05568627290180149,0.14148232507732314
210,0.672,0.0416009649247603,0.05568627290180149,0.14148232507732314
211,0.6752,0.0416009649247603,0.05568627290180149,0.14148232507732314
212,0.6784,0.0416009649247603,0.05568627290180149,0.14148232507732314
213,0.6816,0.0416009649247603,0.05568627290180149,0.14148232507732314
214,0.6848,0.0416009649247603,0.05568627290180149,0.14148232507732314
215,0.688,0.0416009649247603,0.05568627290180149,0.14148232507732314
216,0.6912,0.0416009649247603,0.05568627290180149,0.14148232507732314
217,0.6944,0.0416009649247603,0.05568627290180149,0.14148232507732314
218,0.6976,0.0416009649247603,0.05568627290180149,0.14148232507732314
219,0.7008,0.0416009649247603,0.05568627290180149,0.14148232507732314
220,0.704,0.0416009649247603,0.05568627290180149,0.14148232507732314
221,0.7071999999999999,0.0416009649247603,0.05568627290180149,0.14148232507732314
222,0.7104,0.0416009649247603,0.05568627290180149,0.14148232507732314
223,0.7136,0.0416009649247603,0.05568627290180149,0.14148232507732314
224,0.7168,0.0416009649247603,0.05568627290180149,0.14148232507732314
225,0.72,0.0416009649247603,0.05568627290180149,0.14148232507732314
226,0.7232,0.0416009649247603,0.05568627290180149,0.14148232507732314
227,0.7263999999999999,0.0416009649247603,0.05568627290180149,0.14148232507732314
228,0.7296,0.0416009649247603,0.05568627290180149,0.14148232507732314
229,0.7328,0.0416009649247603,0.05568627290180149,0.14148232507732314
230,0.736,0.0416009649247603,0.05568627290180149,0.14148232507732314
231,0.7392,0.0416009649247603,0.05568627290180149,0.14148232507732314
232,0.7424,0.0416009649247603,0.05568627290180149,0.14148232507732314
233,0.7456,0.0416009649247603,0.05568627290180149,0.14148232507732314
234,0.7488,0.0416009649247603,0.05568627290180149,0.14148232507732314
235,0.752,0.0416009649247603,0.05568627290180149,0.14148232507732314
236,0.7552,0.0416009649247603,0.05568627290180149,0.14148232507732314
237,0.7584,0.0416009649247603,0.05568627290180149,0.14148232507732314
238,0.7616,0.0416009649247603,0.05568627290180149,0.14148232507732314
239,0.7648,0.0416009649247603,0.05568627290180149,0.14148232507732314
240,0.768,0.0416009649247603,0.05568627290180149,0.14148232507732314
241,0.7712,0.0416009649247603,0.05568627290180149,0.14148232507732314
242,0.7744,0.0416009649247603,0.05568627290180149,0.14148232507732314
243,0.7776,0.0416009649247603,0.05568627290180149,0.14148232507732314
244,0.7807999999999999,0.0416009649247603,0.05568627290180149,0.14148232507732314
245,0.784,0.0416009649247603,0.05568627290180149,0.14148232507732314
246,0.7872,0.0416009649247603,0.05568627290180149,0.14148232507732314
247,0.7904,0.0416009649247603,0.05568627290180149,0.14148232507732314
248,0.7936,0.0416009649247603,0.05568627290180149,0.14148232507732314
249,0.7968,0.0416009649247603,0.05568627290180149,0.14148232507732314
250,0.8,0.0416009649247603,0.05568627290180149,0.14148232507732314
251,0.8032,0.0416009649247603,0.05568627290180149,0.14148232507732314
252,0.8064,0.0416009649247603,0.05568627290180149,0.14148232507732314
253,0.8096,0.0416009649247603,0.05568627290180149,0.14148232507732314
254,0.8128,0.0416009649247603,0.05568627290180149,0.14148232507732314
255,0.8160000000000001,0.0416009649247603,0.05568627290180149,0.14148232507732314
256,0.8191999999999999,0.0416009649247603,0.05568627290180149,0.14148232507732314
257,0.8224,0.0416009649247603,0.05568627290180149,0.14148232507732314
258,0.8256,0.0416009649247603,0.05568627290180149,0.14148232507732314
259,0.8288,0.0416009649247603,0.05568627290180149,0.14148232507732314
260,0.832,0.0416009649247603,0.05568627290180149,0.14148232507732314
261,0.8352,0.0416009649247603,0.05568627290180149,0.14148232507732314
262,0.8384,0.0416009649247603,0.05568627290180149,0.14148232507732314
263,0.8416,0.0416009649247603,0.05568627290180149,0.14148232507732314
264,0.8448,0.0416009649247603,0.05568627290180149,0.14148232507732314
265,0.848,0.0416009649247603,0.05568627290180149,0.14148232507732314
266,0.8512,0.0416009649247603,0.05568627290180149,0.14148232507732314
267,0.8544,0.0416009649247603,0.05568627290180149,0.14148232507732314
268,0.8576,0.0416009649247603,0.05568627290180149,0.14148232507732314
269,0.8608,0.0416009649247603,0.05568627290180149,0.14148232507732314
270,0.864,0.0416009649247603,0.05568627290180149,0.14148232507732314
271,0.8672,0.0416009649247603,0.05568627290180149,0.14148232507732314
272,0.8704,0.0416009649247603,0.05568627290180149,0.14148232507732314
273,0.8736,0.0416009649247603,0.05568627290180149,0.14148232507732314
274,0.8768,0.0416009649247603,0.05568627290180149,0.14148232507732314
275,0.88,0.0416009649247603,0.05568627290180149,0.14148232507732314
276,0.8832,0.0416009649247603,0.05568627290180149,0.14148232507732314
277,0.8864,0.0416009649247603,0.05568627290180149,0.14148232507732314
278,0.8896,0.0416009649247603,0.05568627290180149,0.14148232507732314
279,0.8928,0.0416009649247603,0.05568627290180149,0.14148232507732314
280,0.896,0.0416009649247603,0.05568627290180149,0.14148232507732314
281,0.8992,0.0416009649247603,0.05568627290180149,0.14148232507732314
282,0.9024,0.0416009649247603,0.05568627290180149,0.14148232507732314
283,0.9056,0.0416009649247603,0.05568627290180149,0.14148232507732314
284,0.9088,0.0416009649247603,0.05568627290180149,0.14148232507732314
285,0.912,0.0416009649247603,0.05568627290180149,0.14148232507732314
286,0.9152,0.0416009649247603,0.05568627290180149,0.14148232507732314
287,0.9184,0.0416009649247603,0.05568627290180149,0.14148232507732314
288,0.9216,0.0416009649247603,0.05568627290180149,0.14148232507732314
289,0.9248000000000001,0.0416009649247603,0.05568627290180149,0.14148232507732314
290,0.928,0.0416009649247603,0.05568627290180149,0.14148232507732314
291,0.9312,0.0416009649247603,0.05568627290180149,0.14148232507732314
292,0.9344,0.0416009649247603,0.05568627290180149,0.14148232507732314
293,0.9376,0.0416009649247603,0.05568627290180149,0.14148232507732314
294,0.9408,0.0416009649247603,0.05568627290180149,0.14148232507732314
295,0.944,0.0416009649247603,0.05568627290180149,0.14148232507732314
296,0.9472,0.0416009649247603,0.05568627290180149,0.14148232507732314
297,0.9504,0.0416009649247603,0.05568627290180149,0.14148232507732314
298,0.9536,0.0416009649247603,0.05568627290180149,0.14148232507732314
299,0.9568,0.0416009649247603,0.05568627290180149,0.14148232507732314
300,0.96,0.0416009649247603,0.05568627290180149,0.14148232507732314
301,0.9632000000000001,0.0416009649247603,0.05568627290180149,0.14148232507732314
302,0.9664,0.0416009649247603,0.05568627290180149,0.14148232507732314
303,0.9696,0.0416009649247603,0.05568627290180149,0.14148232507732314
304,0.9728,0.0416009649247603,0.05568627290180149,0.14148232507732314
305,0.976,0.0416009649247603,0.05568627290180149,0.14148232507732314
306,0.9792000000000001,0.0416009649247603,0.05568627290180149,0.14148232507732314
307,0.9823999999999999,0.0416009649247603,0.05568627290180149,0.14148232507732314
308,0.9856,0.0416009649247603,0.05568627290180149,0.14148232507732314
309,0.9888,0.0416009649247603,0.05568627290180149,0.14148232507732314
310,0.992,0.0416009649247603,0.05568627290180149,0.14148232507732314
311,0.9952,0.0416009649247603,0.05568627290180149,0.14148232507732314
312,0.9984000000000001,0.0416009649247603,0.05568627290180149,0.14148232507732314
313,1.0016,0.0416009649247603,0.05568627290180149,0.14148232507732314
314,1.0048,0.0416009649247603,0.05568627290180149,0.14148232507732314
315,1.008,0.0416009649247603,0.05568627290180149,0.14148232507732314
316,1.0112,0.0416009649247603,0.05568627290180149,0.14148232507732314
317,1.0144,0.0416009649247603,0.05568627290180149,0.14148232507732314
318,1.0176,0.0416009649247603,0.05568627290180149,0.14148232507732314
319,1.0208,0.0416009649247603,0.05568627290180149,0.14148232507732314
320,1.024,0.0416009649247603,0.05568627290180149,0.14148232507732314
321,1.0272000000000001,0.0416009649247603,0.05568627290180149,0.14148232507732314
322,1.0304,0.0416009649247603,0.05568627290180149,0.14148232507732314
323,1.0336,0.0416009649247603,0.05568627290180149,0.14148232507732314
324,1.0368,0.0416009649247603,0.05568627290180149,0.14148232507732314
325,1.04,0.0416009649247603,0.05568627290180149,0.14148232507732314
326,1.0432000000000001,0.0416009649247603,0.05568627290180149,0.14148232507732314
327,1.0464,0.0416009649247603,0.05568627290180149,0.14148232507732314
328,1.0496,0.0416009649247603,0.05568627290180149,0.14148232507732314
329,1.0528,0.0416009649247603,0.05568627290180149,0.14148232507732314
330,1.056,0.0416009649247603,0.05568627290180149,0.14148232507732314
331,1.0592,0.0416009649247603,0.05568627290180149,0.14148232507732314
332,1.0624,0.0416009649247603,0.05568627290180149,0.14148232507732314
333,1.0656,0.0416009649247603,0.05568627290180149,0.14148232507732314
334,1.0688,0.0416009649247603,0.05568627290180149,0.14148232507732314
335,1.072,0.0416009649247603,0.05568627290180149,0.14148232507732314
336,1.0752,0.0416009649247603,0.05568627290180149,0.14148232507732314
337,1.0784,0.0416009649247603,0.05568627290180149,0.14148232507732314
338,1.0816000000000001,0.0416009649247603,0.05568627290180149,0.14148232507732314
339,1.0848,0.0416009649247603,0.05568627290180149,0.14148232507732314
340,1.088,0.0416009649247603,0.05568627290180149,0.14148232507732314
341,1.0912,0.0416009649247603,0.05568627290180149,0.14148232507732314
342,1.0944,0.0416009649247603,0.05568627290180149,0.14148232507732314
343,1.0976,0.0416009649247603,0.05568627290180149,0.14148232507732314
344,1.1008,0.0416009649247603,0.05568627290180149,0.14148232507732314
345,1.104,0.0416009649247603,0.05568627290180149,0.14148232507732314
346,1.1072,0.0416009649247603,0.05568627290180149,0.14148232507732314
347,1.1104,0.0416009649247603,0.05568627290180149,0.14148232507732314
348,1.1136,0.0416009649247603,0.05568627290180149,0.14148232507732314
349,1.1168,0.0416009649247603,0.05568627290180149,0.14148232507732314
350,1.12,0.0416009649247603,0.05568627290180149,0.14148232507732314
351,1.1232,0.0416009649247603,0.05568627290180149,0.14148232507732314
352,1.1264,0.0416009649247603,0.05568627290180149,0.14148232507732314
353,1.1296,0.0416009649247603,0.05568627290180149,0.14148232507732314
354,1.1328,0.0416009649247603,0.05568627290180149,0.14148232507732314
355,1.1360000000000001,0.0416009649247603,0.05568627290180149,0.14148232507732314
356,1.1392,0.0416009649247603,0.05568627290180149,0.14148232507732314
357,1.1424,0.0416009649247603,0.05568627290180149,0.14148232507732314
358,1.1456000000000002,0.0416009649247603,0.05568627290180149,0.14148232507732314
359,1.1488000000000003,0.0416009649247603,0.05568627290180149,0.14148232507732314
360,1.1520000000000001,0.0416009649247603,0.05568627290180149,0.14148232507732314
361,1.1552000000000002,0.0416009649247603,0.05568627290180149,0.14148232507732314
362,1.1584,0.0416009649247603,0.05568627290180149,0.14148232507732314
363,1.1616000000000002,0.0416009649247603,0.05568627290180149,0.14148232507732314
364,1.1648000000000003,0.0416009649247603,0.05568627290180149,0.14148232507732314
365,1.1680000000000001,0.0416009649247603,0.05568627290180149,0.14148232507732314
366,1.1712000000000002,0.0416009649247603,0.05568627290180149,0.14148232507732314
367,1.1744,0.0416009649247603,0.05568627290180149,0.14148232507732314
368,1.1776000000000002,0.0416009649247603,0.05568627290180149,0.14148232507732314
369,1.1808,0.0416009649247603,0.05568627290180149,0.14148232507732314
370,1.1840000000000002,0.0416009649247603,0.05568627290180149,0.14148232507732314
371,1.1872000000000003,0.0416009649247603,0.05568627290180149,0.14148232507732314
372,1.1904000000000001,0.0416009649247603,0.05568627290180149,0.14148232507732314
373,1.1936000000000002,0.0416009649247603,0.05568627290180149,0.14148232507732314
374,1.1968,0.0416009649247603,0.05568627290180149,0.14148232507732314
375,1.2000000000000002,0.0416009649247603,0.05568627290180149,0.14148232507732314
376,1.2032000000000003,0.0416009649247603,0.05568627290180149,0.14148232507732314
377,1.2064000000000001,0.0416009649247603,0.05568627290180149,0.14148232507732314
378,1.2096000000000002,0.0416009649247603,0.05568627290180149,0.14148232507732314
379,1.2128,0.0416009649247603,0.05568627290180149,0.14148232507732314
380,1.2160000000000002,0.0416009649247603,0.05568627290180149,0.14148232507732314
381,1.2192000000000003,0.0416009649247603,0.05568627290180149,0.14148232507732314
382,1.2224000000000002,0.0416009649247603,0.05568627290180149,0.14148232507732314
383,1.2256000000000002,0.0416009649247603,0.05568627290180149,0.14148232507732314
384,1.2288000000000001,0.0416009649247603,0.05568627290180149,0.14148232507732314
385,1.2320000000000002,0.0416009649247603,0.05568627290180149,0.14148232507732314
386,1.2352,0.0416009649247603,0.05568627290180149,0.14148232507732314
387,1.2384000000000002,0.0416009649247603,0.05568627290180149,0.14148232507732314
388,1.2416000000000003,0.0416009649247603,0.05568627290180149,0.14148232507732314
389,1.2448000000000001,0.0416009649247603,0.05568627290180149,0.14148232507732314
390,1.2480000000000002,0.0416009649247603,0.05568627290180149,0.14148232507732314
391,1.2512,0.0416009649247603,0.05568627290180149,0.14148232507732314
392,1.2544000000000002,0.0416009649247603,0.05568627290180149,0.14148232507732314
393,1.2576000000000003,0.0416009649247603,0.05568627290180149,0.14148232507732314
394,1.2608000000000001,0.0416009649247603,0.05568627290180149,0.14148232507732314
395,1.2640000000000002,0.0416009649247603,0.05568627290180149,0.14148232507732314
396,1.2672,0.0416009649247603,0.05568627290180149,0.14148232507732314
397,1.2704000000000002,0.0416009649247603,0.05568627290180149,0.14148232507732314
398,1.2736,0.0416009649247603,0.05568627290180149,0.14148232507732314
399,1.2768000000000002,0.0416009649247603,0.05568627290180149,0.14148232507732314
400,1.2800000000000002,0.0416009649247603,0.05568627290180149,0.14148232507732314
401,1.2832000000000001,0.0416009649247603,0.05568627290180149,0.14148232507732314
402,1.2864000000000002,0.0416009649247603,0.05568627290180149,0.14148232507732314
403,1.2896,0.0416009649247603,0.05568627290180149,0.14148232507732314
404,1.2928000000000002,0.0416009649247603,0.05568627290180149,0.14148232507732314
405,1.2960000000000003,0.0416009649247603,0.05568627290180149,0.14148232507732314
406,1.2992000000000004,0.0416009649247603,0.05568627290180149,0.14148232507732314
407,1.3024000000000002,0.0416009649247603,0.05568627290180149,0.14148232507732314
408,1.3056000000000003,0.0416009649247603,0.05568627290180149,0.14148232507732314
409,1.3088000000000002,0.0416009649247603,0.05568627290180149,0.14148232507732314
410,1.3120000000000003,0.0416009649247603,0.05568627290180149,0.14148232507732314
411,1.3152000000000004,0.0416009649247603,0.05568627290180149,0.14148232507732314
412,1.3184000000000002,0.0416009649247603,0.05568627290180149,0.14148232507732314
413,1.3216000000000003,0.0416009649247603,0.05568627290180149,0.14148232507732314
414,1.3248000000000002,0.0416009649247603,0.05568627290180149,0.14148232507732314
415,1.3280000000000003,0.0416009649247603,0.05568627290180149,0.14148232507732314
416,1.3312000000000002,0.0416009649247603,0.05568627290180149,0.14148232507732314
417,1.3344000000000003,0.0416009649247603,0.05568627290180149,0.14148232507732314
418,1.3376000000000003,0.0416009649247603,0.05568627290180149,0.14148232507732314
419,1.3408000000000002,0.0416009649247603,0.05568627290180149,0.14148232507732314
420,1.3440000000000003,0.0416009649247603,0.05568627290180149,0.14148232507732314
421,1.3472000000000002,0.0416009649247603,0.05568627290180149,0.14148232507732314
422,1.3504000000000003,0.0416009649247603,0.05568627290180149,0.14148232507732314
423,1.3536000000000004,0.0416009649247603,0.05568627290180149,0.14148232507732314
424,1.3568000000000002,0.0416009649247603,0.05568627290180149,0.14148232507732314
425,1.3600000000000003,0.0416009649247603,0.05568627290180149,0.14148232507732314
426,1.3632000000000002,0.0416009649247603,0.05568627290180149,0.14148232507732314
427,1.3664000000000003,0.0416009649247603,0.05568627290180149,0.14148232507732314
428,1.3696000000000002,0.0416009649247603,0.05568627290180149,0.14148232507732314
429,1.3728000000000002,0.0416009649247603,0.05568627290180149,0.14148232507732314
430,1.3760000000000003,0.0416009649247603,0.05568627290180149,0.14148232507732314
431,1.3792000000000002,0.0416009649247603,0.05568627290180149,0.14148232507732314
432,1.3824000000000003,0.0416009649247603,0.05568627290180149,0.14148232507732314
433,1.3856000000000002,0.0416009649247603,0.05568627290180149,0.14148232507732314
434,1.3888000000000003,0.0416009649247603,0.05568627290180149,0.14148232507732314
435,1.3920000000000003,0.0416009649247603,0.05568627290180149,0.14148232507732314
436,1.3952000000000002,0.0416009649247603,0.05568627290180149,0.14148232507732314
437,1.3984000000000003,0.0416009649247603,0.05568627290180149,0.14148232507732314
438,1.4016000000000002,0.0416009649247603,0.05568627290180149,0.14148232507732314
439,1.4048000000000003,0.0416009649247603,0.05568627290180149,0.14148232507732314
440,1.4080000000000004,0.0416009649247603,0.05568627290180149,0.14148232507732314
441,1.4112000000000002,0.0416009649247603,0.05568627290180149,0.14148232507732314
442,1.4144000000000003,0.0416009649247603,0.05568627290180149,0.14148232507732314
443,1.4176000000000002,0.0416009649247603,0.05568627290180149,0.14148232507732314
444,1.4208000000000003,0.0416009649247603,0.05568627290180149,0.14148232507732314
445,1.4240000000000004,0.0416009649247603,0.05568627290180149,0.14148232507732314
446,1.4272000000000002,0.0416009649247603,0.05568627290180149,0.14148232507732314
447,1.4304000000000003,0.0416009649247603,0.05568627290180149,0.14148232507732314
448,1.4336000000000002,0.0416009649247603,0.05568627290180149,0.14148232507732314
449,1.4368000000000003,0.0416009649247603,0.05568627290180149,0.14148232507732314
450,1.4400000000000004,0.0416009649247603,0.05568627290180149,0.14148232507732314
451,1.4432000000000003,0.0416009649247603,0.05568627290180149,0.14148232507732314
452,1.4464000000000004,0.0416009649247603,0.05568627290180149,0.14148232507732314
453,1.4496000000000002,0.0416009649247603,0.05568627290180149,0.14148232507732314
454,1.4528000000000003,0.0416009649247603,0.05568627290180149,0.14148232507732314
455,1.4560000000000004,0.0416009649247603,0.05568627290180149,0.14148232507732314
456,1.4592000000000003,0.0416009649247603,0.05568627290180149,0.14148232507732314
457,1.4624000000000004,0.0416009649247603,0.05568627290180149,0.14148232507732314
458,1.4656000000000002,0.0416009649247603,0.05568627290180149,0.14148232507732314
459,1.4688000000000003,0.0416009649247603,0.05568627290180149,0.14148232507732314
460,1.4720000000000002,0.0416009649247603,0.05568627290180149,0.14148232507732314
461,1.4752000000000003,0.0416009649247603,0.05568627290180149,0.14148232507732314
462,1.4784000000000004,0.0416009649247603,0.05568627290180149,0.14148232507732314
463,1.4816000000000003,0.0416009649247603,0.05568627290180149,0.14148232507732314
464,1.4848000000000003,0.0416009649247603,0.05568627290180149,0.14148232507732314
465,1.4880000000000002,0.0416009649247603,0.05568627290180149,0.14148232507732314
466,1.4912000000000003,0.0416009649247603,0.05568627290180149,0.14148232507732314
467,1.4944000000000004,0.0416009649247603,0.05568627290180149,0.14148232507732314
468,1.4976000000000003,0.0416009649247603,0.05568627290180149,0.14148232507732314
469,1.5008000000000004,0.0416009649247603,0.05568627290180149,0.14148232507732314
470,1.5040000000000002,0.0416009649247603,0.05568627290180149,0.14148232507732314
471,1.5072000000000003,0.0416009649247603,0.05568627290180149,0.14148232507732314
472,1.5104000000000002,0.0416009649247603,0.05568627290180149,0.14148232507732314
473,1.5136000000000003,0.0416009649247603,0.05568627290180149,0.14148232507732314
474,1.5168000000000004,0.0416009649247603,0.05568627290180149,0.14148232507732314
475,1.5200000000000002,0.0416009649247603,0.05568627290180149,0.14148232507732314
476,1.5232000000000003,0.0416009649247603,0.05568627290180149,0.14148232507732314
477,1.5264000000000002,0.0416009649247603,0.05568627290180149,0.14148232507732314
478,1.5296000000000003,0.0416009649247603,0.05568627290180149,0.14148232507732314
479,1.5328000000000004,0.0416009649247603,0.05568627290180149,0.14148232507732314
480,1.5360000000000005,0.0416009649247603,0.05568627290180149,0.14148232507732314
481,1.5392000000000003,0.0416009649247603,0.05568627290180149,0.14148232507732314
482,1.5424000000000004,0.0416009649247603,0.05568627290180149,0.14148232507732314
483,1.5456000000000003,0.0416009649247603,0.05568627290180149,0.14148232507732314
484,1.5488000000000004,0.0416009649247603,0.05568627290180149,0.14148232507732314
485,1.5520000000000005,0.0416009649247603,0.05568627290180149,0.14148232507732314
486,1.5552000000000004,0.0416009649247603,0.05568627290180149,0.14148232507732314
487,1.5584000000000005,0.0416009649247603,0.05568627290180149,0.14148232507732314
488,1.5616000000000003,0.0416009649247603,0.05568627290180149,0.14148232507732314
489,1.5648000000000004,0.0416009649247603,0.05568627290180149,0.14148232507732314
490,1.5680000000000003,0.0416009649247603,0.05568627290180149,0.14148232507732314
491,1.5712000000000004,0.0416009649247603,0.05568627290180149,0.14148232507732314
492,1.5744000000000005,0.0416009649247603,0.05568627290180149,0.14148232507732314
493,1.5776000000000003,0.0416009649247603,0.05568627290180149,0.14148232507732314
494,1.5808000000000004,0.0416009649247603,0.05568627290180149,0.14148232507732314
495,1.5840000000000003,0.0416009649247603,0.05568627290180149,0.14148232507732314
496,1.5872000000000004,0.0416009649247603,0.05568627290180149,0.14148232507732314
497,1.5904000000000005,0.0416009649247603,0.05568627290180149,0.14148232507732314
498,1.5936000000000003,0.0416009649247603,0.05568627290180149,0.14148232507732314
499,1.5968000000000004,0.0416009649247603,0.05568627290180149,0.14148232507732314
500,1.6000000000000003,0.0416009649247603,0.05568627290180149,0.14148232507732314
501,1.6032000000000004,0.0416009649247603,0.05568627290180149,0.14148232507732314
502,1.6064000000000003,0.0416009649247603,0.05568627290180149,0.14148232507732314
503,1.6096000000000004,0.0416009649247603,0.05568627290180149,0.14148232507732314
504,1.6128000000000005,0.0416009649247603,0.05568627290180149,0.14148232507732314
505,1.6160000000000003,0.0416009649247603,0.05568627290180149,0.14148232507732314
506,1.6192000000000004,0.0416009649247603,0.05568627290180149,0.14148232507732314
507,1.6224000000000003,0.0416009649247603,0.05568627290180149,0.14148232507732314
508,1.6256000000000004,0.0416009649247603,0.05568627290180149,0.14148232507732314
509,1.6288000000000005,0.0416009649247603,0.05568627290180149,0.14148232507732314
510,1.6320000000000003,0.0416009649247603,0.05568627290180149,0.14148232507732314
511,1.6352000000000004,0.0416009649247603,0.05568627290180149,0.14148232507732314
512,1.6384000000000003,0.0416009649247603,0.05568627290180149,0.14148232507732314
513,1.6416000000000004,0.0416009649247603,0.05568627290180149,0.14148232507732314
514,1.6448000000000005,0.0416009649247603,0.05568627290180149,0.14148232507732314
515,1.6480000000000004,0.0416009649247603,0.05568627290180149,0.14148232507732314
516,1.6512000000000004,0.0416009649247603,0.05568627290180149,0.14148232507732314
517,1.6544000000000003,0.0416009649247603,0.05568627290180149,0.14148232507732314
518,1.6576000000000004,0.0416009649247603,0.05568627290180149,0.14148232507732314
519,1.6608000000000005,0.0416009649247603,0.05568627290180149,0.14148232507732314
520,1.6640000000000004,0.0416009649247603,0.05568627290180149,0.14148232507732314
521,1.6672000000000005,0.0416009649247603,0.05568627290180149,0.14148232507732314
522,1.6704000000000006,0.0416009649247603,0.05568627290180149,0.14148232507732314
523,1.6736000000000004,0.0416009649247603,0.05568627290180149,0.14148232507732314
524,1.6768000000000005,0.0416009649247603,0.05568627290180149,0.14148232507732314
525,1.6800000000000004,0.0416009649247603,0.05568627290180149,0.14148232507732314
526,1.6832000000000005,0.0416009649247603,0.05568627290180149,0.14148232507732314
527,1.6864000000000006,0.0416009649247603,0.05568627290180149,0.14148232507732314
528,1.6896000000000004,0.0416009649247603,0.05568627290180149,0.14148232507732314
529,1.6928000000000005,0.0416009649247603,0.05568627290180149,0.14148232507732314
530,1.6960000000000004,0.0416009649247603,0.05568627290180149,0.14148232507732314
531,1.6992000000000005,0.0416009649247603,0.05568627290180149,0.14148232507732314
532,1.7024000000000004,0.0416009649247603,0.05568627290180149,0.14148232507732314
533,1.7056000000000004,0.0416009649247603,0.05568627290180149,0.14148232507732314
534,1.7088000000000005,0.0416009649247603,0.05568627290180149,0.14148232507732314
535,1.7120000000000004,0.0416009649247603,0.05568627290180149,0.14148232507732314
536,1.7152000000000005,0.0416009649247603,0.05568627290180149,0.14148232507732314
537,1.7184000000000004,0.0416009649247603,0.05568627290180149,0.14148232507732314
538,1.7216000000000005,0.0416009649247603,0.05568627290180149,0.14148232507732314
539,1.7248000000000006,0.0416009649247603,0.05568627290180149,0.14148232507732314
540,1.7280000000000004,0.0416009649247603,0.05568627290180149,0.14148232507732314
541,1.7312000000000005,0.0416009649247603,0.05568627290180149,0.14148232507732314
542,1.7344000000000004,0.0416009649247603,0.05568627290180149,0.14148232507732314
543,1.7376000000000005,0.0416009649247603,0.05568627290180149,0.14148232507732314
544,1.7408000000000006,0.0416009649247603,0.05568627290180149,0.14148232507732314
545,1.7440000000000004,0.0416009649247603,0.05568627290180149,0.14148232507732314
546,1.7472000000000005,0.0416009649247603,0.05568627290180149,0.14148232507732314
547,1.7504000000000004,0.0416009649247603,0.05568627290180149,0.14148232507732314
548,1.7536000000000005,0.0416009649247603,0.05568627290180149,0.14148232507732314
549,1.7568000000000004,0.0416009649247603,0.05568627290180149,0.14148232507732314
550,1.7600000000000005,0.0416009649247603,0.05568627290180149,0.14148232507732314
551,1.7632000000000005,0.0416009649247603,0.05568627290180149,0.14148232507732314
552,1.7664000000000004,0.0416009649247603,0.05568627290180149,0.14148232507732314
553,1.7696000000000005,0.0416009649247603,0.05568627290180149,0.14148232507732314
554,1.7728000000000004,0.0416009649247603,0.05568627290180149,0.14148232507732314
555,1.7760000000000005,0.0416009649247603,0.05568627290180149,0.14148232507732314
556,1.7792000000000006,0.0416009649247603,0.05568627290180149,0.14148232507732314
557,1.7824000000000004,0.0416009649247603,0.05568627290180149,0.14148232507732314
558,1.7856000000000005,0.0416009649247603,0.05568627290180149,0.14148232507732314
559,1.7888000000000004,0.0416009649247603,0.05568627290180149,0.14148232507732314
560,1.7920000000000005,0.0416009649247603,0.05568627290180149,0.14148232507732314
561,1.7952000000000004,0.0416009649247603,0.05568627290180149,0.14148232507732314
562,1.7984000000000004,0.0416009649247603,0.05568627290180149,0.14148232507732314
563,1.8016000000000005,0.0416009649247603,0.05568627290180149,0.14148232507732314
564,1.8048000000000006,0.0416009649247603,0.05568627290180149,0.14148232507732314
565,1.8080000000000005,0.0416009649247603,0.05568627290180149,0.14148232507732314
566,1.8112000000000006,0.0416009649247603,0.05568627290180149,0.14148232507732314
567,1.8144000000000005,0.0416009649247603,0.05568627290180149,0.14148232507732314
568,1.8176000000000005,0.0416009649247603,0.05568627290180149,0.14148232507732314
569,1.8208000000000006,0.0416009649247603,0.05568627290180149,0.14148232507732314
570,1.8240000000000005,0.0416009649247603,0.05568627290180149,0.14148232507732314
571,1.8272000000000006,0.0416009649247603,0.05568627290180149,0.14148232507732314
572,1.8304000000000005,0.0416009649247603,0.05568627290180149,0.14148232507732314
573,1.8336000000000006,0.0416009649247603,0.05568627290180149,0.14148232507732314
574,1.8368000000000004,0.0416009649247603,0.05568627290180149,0.14148232507732314
575,1.8400000000000005,0.0416009649247603,0.05568627290180149,0.14148232507732314
576,1.8432000000000006,0.0416009649247603,0.05568627290180149,0.14148232507732314
577,1.8464000000000005,0.0416009649247603,0.05568627290180149,0.14148232507732314
578,1.8496000000000006,0.0416009649247603,0.05568627290180149,0.14148232507732314
579,1.8528000000000004,0.0416009649247603,0.05568627290180149,0.14148232507732314
580,1.8560000000000005,0.0416009649247603,0.05568627290180149,0.14148232507732314
581,1.8592000000000006,0.0416009649247603,0.05568627290180149,0.14148232507732314
582,1.8624000000000005,0.0416009649247603,0.05568627290180149,0.14148232507732314
583,1.8656000000000006,0.0416009649247603,0.05568627290180149,0.14148232507732314
584,1.8688000000000005,0.0416009649247603,0.05568627290180149,0.14148232507732314
585,1.8720000000000006,0.0416009649247603,0.05568627290180149,0.14148232507732314
586,1.8752000000000004,0.0416009649247603,0.05568627290180149,0.14148232507732314
587,1.8784000000000005,0.0416009649247603,0.05568627290180149,0.14148232507732314
588,1.8816000000000006,0.0416009649247603,0.05568627290180149,0.14148232507732314
589,1.8848000000000005,0.0416009649247603,0.05568627290180149,0.14148232507732314
590,1.8880000000000006,0.0416009649247603,0.05568627290180149,0.14148232507732314
591,1.8912000000000004,0.0416009649247603,0.05568627290180149,0.14148232507732314
592,1.8944000000000005,0.0416009649247603,0.05568627290180149,0.14148232507732314
593,1.8976000000000006,0.0416009649247603,0.05568627290180149,0.14148232507732314
594,1.9008000000000005,0.0416009649247603,0.05568627290180149,0.14148232507732314
595,1.9040000000000006,0.0416009649247603,0.05568627290180149,0.14148232507732314
596,1.9072000000000005,0.0416009649247603,0.05568627290180149,0.14148232507732314
597,1.9104000000000005,0.0416009649247603,0.05568627290180149,0.14148232507732314
598,1.9136000000000006,0.0416009649247603,0.05568627290180149,0.14148232507732314
599,1.9168000000000005,0.0416009649247603,0.05568627290180149,0.14148232507732314
600,1.9200000000000006,0.0416009649247603,0.05568627290180149,0.14148232507732314
Agent ID,7
Number of,601
0,0.0,0.044351500527696305,0.03842462060066229,0.1542996304639353
1,0.0032,0.04435150379136827,0.038424583481169214,0.1542996170081288
2,0.0064,0.044351526637072015,0.03842432364471767,0.15429952281748338
3,0.009600000000000001,0.044351588646839316,0.038423618374349204,0.1542992671571601
4,0.0128,0.044351709402701965,0.03842224495310534,0.15429876929232
5,0.016,0.04435190848669173,0.038419980664027624,0.15429794848812417
6,0.019200000000000002,0.044352205480840394,0.038416602790157586,0.15429672400973368
7,0.0224,0.04435261996717974,0.03841188861453677,0.1542950151223096
8,0.0256,0.044353171527741556,0.0384056154202067,0.15429274109101293
9,0.028800000000000003,0.04435387974455761,0.03839756049020892,0.15428982118100482
10,0.032,0.04435476419965968,0.03838750110758496,0.1542861746574463
11,0.0352,0.044355844475079564,0.03837521455537636,0.15428172078549846
12,0.038400000000000004,0.04435714015284903,0.038360478116624665,0.1542763788303223
13,0.041600000000000005,0.04435867081499985,0.0383430690743714,0.15427006805707896
14,0.0448,0.04436045604356382,0.038322764711658096,0.15426270773092948
15,0.048,0.044362515420572714,0.0382993423115263,0.15425421711703494
16,0.0512,0.04436486852805831,0.038272579157017546,0.15424451548055637
17,0.054400000000000004,0.044367534948052394,0.03824225253117337,0.15423352208665486
18,0.057600000000000005,0.04437053426258674,0.0382081397170353,0.15422115620049145
19,0.0608,0.04437388605369313,0.03817001799764488,0.15420733708722725
20,0.064,0.044377609903403344,0.03812766465604365,0.1541919840120233
21,0.06720000000000001,0.04438172539374917,0.03808085697527313,0.15417501624004068
22,0.0704,0.04438625210676238,0.038029372238374874,0.15415635303644046
23,0.0736,0.04439120962447475,0.03797298772839041,0.15413591366638366
24,0.07680000000000001,0.04439661752891807,0.03791148072836127,0.1541136173950314
25,0.08,0.04440249540212412,0.037844628521329,0.1540893834875447
26,0.08320000000000001,0.044408862826124676,0.03777220839033513,0.15406313120908466
27,0.0864,0.044415739382951513,0.037693997618421196,0.15403477982481234
28,0.0896,0.044423144654636426,0.037609773488628734,0.15400424859988882
29,0.09280000000000001,0.04443109822321118,0.037519313283999274,0.15397145679947513
30,0.096,0.044439619670707566,0.037422394287574365,0.15393632368873236
31,0.09920000000000001,0.04444872857915736,0.03731879378239553,0.15389876853282156
32,0.1024,0.04445844453059234,0.03720828905150432,0.1538587105969038
33,0.1056,0.044468780579700364,0.03709073161692842,0.15381609605775315
34,0.10880000000000001,0.04447972367179358,0.036966269956640124,0.15377097873859555
35,0.112,0.0444912542248402,0.03683512678759792,0.1537234393742699
36,0.11520000000000001,0.04450335265680845,0.03669752482676025,0.15367355869961521
37,0.1184,0.04451599938566655,0.0365536867910856,0.15362141744947033
38,0.1216,0.04452917482938271,0.03640383539753242,0.15356709635867424
39,0.12480000000000001,0.044542859405925166,0.03624819336305917,0.15351067616206587
40,0.128,0.044557033533262125,0.03608698340462432,0.15345223759448418
41,0.1312,0.04457167762936181,0.03592042823918634,0.15339186139076802
42,0.13440000000000002,0.044586772112192447,0.035748750583703685,0.15332962828575641
43,0.1376,0.04460229739972224,0.03557217315513483,0.15326561901428826
44,0.1408,0.044618233909919425,0.03539091867043822,0.15319991431120247
45,0.14400000000000002,0.04463456206075222,0.035205209846572334,0.15313259491133802
46,0.1472,0.044651262270188834,0.03501526940049563,0.1530637415495338
47,0.1504,0.0446683149561975,0.03482132004916658,0.1529934349606288
48,0.15360000000000001,0.04468570053674642,0.03462358450954364,0.1529217558794619
49,0.1568,0.04470339942980383,0.03442228549858528,0.15284878504087207
50,0.16,0.044721392053337944,0.03421764573324996,0.1527746031796982
51,0.1632,0.04473965882531698,0.03400988793049614,0.1526992910307793
52,0.16640000000000002,0.044758180163709166,0.03379923480728229,0.15262292932895424
53,0.1696,0.044776936486482705,0.03358590908056687,0.15254559880906196
54,0.1728,0.04479590821160583,0.03337013346730835,0.15246738020594142
55,0.17600000000000002,0.04481507575704677,0.03315213068446518,0.15238835425443154
56,0.1792,0.04483441954077372,0.03293212344899585,0.15230860168937124
57,0.1824,0.044853919980754914,0.0327103344778588,0.1522282032455995
58,0.18560000000000001,0.044873557494958576,0.0324869864880125,0.15214723965795518
59,0.1888,0.044893312501352915,0.03226230219641542,0.1520657916612773
60,0.192,0.04491316541790615,0.03203650432002601,0.15198393999040472
61,0.1952,0.04493309666258651,0.03180981557580276,0.15190176538017638
62,0.19840000000000002,0.044953086653362215,0.0315824586807041,0.15181934856543128
63,0.2016,0.04497311580820148,0.03135465635168853,0.1517367702810083
64,0.2048,0.044993164545072524,0.03112663130571449,0.15165411126174638
65,0.20800000000000002,0.04503737830543016,0.030942016303485826,0.15149502903242557
66,0.2112,0.045081592065787796,0.030757401301257162,0.15133594680310475
67,0.2144,0.045125805826145435,0.0305727862990285,0.15117686457378393
68,0.21760000000000002,0.045170019586503074,0.030388171296799837,0.15101778234446311
69,0.2208,0.045214233346860706,0.030203556294571172,0.1508587001151423
70,0.224,0.045258447107218346,0.030018941292342508,0.15069961788582148
71,0.2272,0.04530266086757598,0.029834326290113844,0.15054053565650063
72,0.23040000000000002,0.04534687462793362,0.029649711287885183,0.15038145342717982
73,0.2336,0.045391088388291256,0.02946509628565652,0.150222371197859
74,0.2368,0.04543530214864889,0.029280481283427855,0.15006328896853818
75,0.24000000000000002,0.04547951590900653,0.02909586628119919,0.14990420673921737
76,0.24320000000000003,0.04552372966936417,0.02891125127897053,0.14974512450989655
77,0.2464,0.0455679434297218,0.028726636276741865,0.14958604228057573
78,0.24960000000000002,0.04561215719007944,0.0285420212745132,0.14942696005125491
79,0.2528,0.04565637095043708,0.028357406272284537,0.1492678778219341
80,0.256,0.04570058471079471,0.028172791270055876,0.14910879559261328
81,0.2592,0.04574479847115235,0.027988176267827212,0.14894971336329246
82,0.2624,0.04578901223150998,0.027803561265598548,0.14879063113397165
83,0.2656,0.04583322599186762,0.027618946263369883,0.14863154890465083
84,0.26880000000000004,0.04587743975222526,0.02743433126114122,0.14847246667532998
85,0.272,0.04592165351258289,0.02724971625891256,0.14831338444600917
86,0.2752,0.04596586727294053,0.027065101256683894,0.14815430221668835
87,0.2784,0.04601008103329817,0.02688048625445523,0.14799521998736753
88,0.2816,0.0460542947936558,0.026695871252226566,0.14783613775804672
89,0.2848,0.04609850855401344,0.0265112562499979,0.1476770555287259
90,0.28800000000000003,0.046142722314371075,0.02632664124776924,0.14751797329940508
91,0.2912,0.046186936074728714,0.026142026245540576,0.14735889107008426
92,0.2944,0.04623114983508635,0.025957411243311912,0.14719980884076345
93,0.29760000000000003,0.046275363595443986,0.025772796241083248,0.14704072661144263
94,0.3008,0.046319577355801625,0.025588181238854583,0.1468816443821218
95,0.30400000000000005,0.046363791116159264,0.025403566236625923,0.146722562152801
96,0.30720000000000003,0.046408004876516896,0.02521895123439726,0.14656347992348018
97,0.3104,0.046452218636874536,0.025034336232168594,0.14640439769415933
98,0.3136,0.046496432397232175,0.024849721229939933,0.14624531546483852
99,0.3168,0.04654064615758981,0.02466510622771127,0.1460862332355177
100,0.32,0.046584859917947447,0.024480491225482605,0.14592715100619688
101,0.32320000000000004,0.04662907367830508,0.02429587622325394,0.14576806877687606
102,0.3264,0.04667328743866272,0.024111261221025276,0.14560898654755525
103,0.3296,0.04671750119902036,0.023926646218796616,0.14544990431823443
104,0.3328,0.04676171495937799,0.02374203121656795,0.1452908220889136
105,0.336,0.04680592871973563,0.023557416214339287,0.1451317398595928
106,0.33920000000000006,0.04685014248009327,0.023372801212110623,0.14497265763027198
107,0.34240000000000004,0.0468943562404509,0.02318818620988196,0.14481357540095116
108,0.3456,0.04693857000080854,0.023003571207653298,0.14465449317163034
109,0.3488,0.04698278376116618,0.02281895620542463,0.14449541094230953
110,0.352,0.04702699752152381,0.02263434120319597,0.14433632871298868
111,0.3552,0.04707121128188145,0.022449726200967305,0.14417724648366786
112,0.35840000000000005,0.04711542504223908,0.02226511119873864,0.14401816425434705
113,0.36160000000000003,0.04715963880259672,0.02208049619650998,0.14385908202502623
114,0.3648,0.04720385256295436,0.021895881194281316,0.1436999997957054
115,0.368,0.047248066323311994,0.02171126619205265,0.1435409175663846
116,0.3712,0.04729228008366963,0.021526651189823987,0.14338183533706378
117,0.37439999999999996,0.04733750771796683,0.02132665273525312,0.1432952437472738
118,0.3776,0.04738273535226403,0.021126654280682253,0.1432086521574838
119,0.38079999999999997,0.04742796298656123,0.020926655826111386,0.1431220605676938
120,0.38399999999999995,0.04747319062085843,0.02072665737154052,0.1430354689779038
121,0.3872,0.04751841825515563,0.02052665891696965,0.14294887738811385
122,0.39039999999999997,0.04756364588945283,0.020326660462398782,0.14286228579832386
123,0.39359999999999995,0.04760887352375003,0.020126662007827915,0.14277569420853387
124,0.3968,0.04765410115804723,0.01992666355325705,0.14268910261874387
125,0.39999999999999997,0.04769932879234444,0.01972666509868618,0.14260251102895388
126,0.4032,0.04774455642664164,0.019526666644115315,0.1425159194391639
127,0.4064,0.04778978406093884,0.019326668189544448,0.1424293278493739
128,0.40959999999999996,0.04783501169523604,0.01912666973497358,0.14234273625958394
129,0.4128,0.04788023932953324,0.018926671280402714,0.14225614466979394
130,0.416,0.04792546696383044,0.018726672825831844,0.14216955308000395
131,0.41919999999999996,0.04797069459812764,0.018526674371260977,0.14208296149021396
132,0.4224,0.04801592223242484,0.01832667591669011,0.14199636990042397
133,0.4256,0.04806114986672204,0.018126677462119243,0.14190977831063398
134,0.42879999999999996,0.04810637750101924,0.017926679007548376,0.14182318672084399
135,0.432,0.04815160513531644,0.01772668055297751,0.141736595131054
136,0.4352,0.04819683276961364,0.017526682098406642,0.141650003541264
137,0.4384,0.04824206040391084,0.017326683643835775,0.14156341195147404
138,0.4416,0.04828728803820804,0.017126685189264905,0.14147682036168405
139,0.4448,0.04833251567250524,0.016926686734694038,0.14139022877189406
140,0.44799999999999995,0.048377743306802445,0.01672668828012317,0.14130363718210406
141,0.4512,0.048422970941099645,0.016526689825552304,0.14121704559231407
142,0.45439999999999997,0.048468198575396845,0.016326691370981437,0.14113045400252408
143,0.4576,0.048513426209694045,0.01612669291641057,0.1410438624127341
144,0.4608,0.048558653843991245,0.015926694461839704,0.1409572708229441
145,0.46399999999999997,0.048603881478288445,0.015726696007268837,0.14087067923315413
146,0.46719999999999995,0.048649109112585645,0.015526697552697968,0.14078408764336414
147,0.4704,0.048694336746882845,0.0153266990981271,0.14069749605357415
148,0.47359999999999997,0.048739564381180045,0.015126700643556232,0.14061090446378416
149,0.4768,0.048784792015477245,0.014926702188985366,0.14052431287399417
150,0.48,0.048830019649774445,0.014726703734414499,0.14043772128420418
151,0.48319999999999996,0.048875247284071645,0.014526705279843632,0.14035112969441418
152,0.4864,0.048920474918368845,0.014326706825272765,0.1402645381046242
153,0.4896,0.048965702552666045,0.014126708370701898,0.14017794651483423
154,0.49279999999999996,0.049010930186963245,0.01392670991613103,0.14009135492504424
155,0.496,0.049056157821260445,0.013726711461560162,0.14000476333525425
156,0.4992,0.04910138545555765,0.013526713006989296,0.13991817174546425
157,0.5024,0.04914661308985485,0.013326714552418429,0.13983158015567426
158,0.5056,0.04919184072415205,0.013126716097847562,0.13974498856588427
159,0.5087999999999999,0.04923706835844925,0.012926717643276693,0.13965839697609428
160,0.512,0.04928229599274645,0.012726719188705824,0.1395718053863043
161,0.5152,0.04932752362704365,0.012526720734134958,0.13948521379651432
162,0.5184,0.04937275126134085,0.01232672227956409,0.13939862220672433
163,0.5216,0.04941797889563805,0.012126723824993224,0.13931203061693434
164,0.5247999999999999,0.04946320652993525,0.011926725370422357,0.13922543902714435
165,0.5279999999999999,0.04951006578569969,0.011703655032252685,0.13929697077301784
166,0.5311999999999999,0.04955692504146413,0.011480584694083015,0.13936850251889135
167,0.5344,0.04960378429722857,0.011257514355913344,0.13944003426476484
168,0.5376,0.049650643552993014,0.011034444017743674,0.13951156601063833
169,0.5408,0.049697502808757454,0.010811373679574002,0.13958309775651181
170,0.5439999999999999,0.0497443620645219,0.010588303341404332,0.13965462950238533
171,0.5471999999999999,0.04979122132028634,0.01036523300323466,0.13972616124825882
172,0.5503999999999999,0.04983808057605078,0.010142162665064989,0.1397976929941323
173,0.5536,0.049884939831815224,0.009919092326895319,0.13986922474000582
174,0.5568,0.049931799087579665,0.009696021988725649,0.1399407564858793
175,0.5599999999999999,0.049978658343344105,0.009472951650555977,0.1400122882317528
176,0.5631999999999999,0.050025517599108546,0.009249881312386306,0.14008381997762628
177,0.5663999999999999,0.05007237685487299,0.009026810974216636,0.1401553517234998
178,0.5695999999999999,0.05011923611063743,0.008803740636046964,0.1402268834693733
179,0.5728,0.05016609536640187,0.008580670297877294,0.14029841521524677
180,0.576,0.05021295462216631,0.008357599959707623,0.14036994696112026
181,0.5791999999999999,0.050259813877930756,0.008134529621537951,0.14044147870699378
182,0.5823999999999999,0.0503066731336952,0.007911459283368281,0.14051301045286727
183,0.5855999999999999,0.05035353238945964,0.00768838894519861,0.14058454219874075
184,0.5888,0.05040039164522408,0.00746531860702894,0.14065607394461427
185,0.592,0.05044725090098852,0.007242248268859268,0.14072760569048776
186,0.5952,0.05049411015675296,0.007019177930689598,0.14079913743636124
187,0.5983999999999999,0.0505409694125174,0.006796107592519926,0.14087066918223473
188,0.6015999999999999,0.05058782866828184,0.006573037254350256,0.14094220092810825
189,0.6047999999999999,0.05063468792404628,0.006349966916180585,0.14101373267398173
190,0.608,0.05068154717981072,0.006126896578010914,0.14108526441985522
191,0.6112,0.05072840643557517,0.005903826239841243,0.14115679616572874
192,0.6144,0.05077526569133961,0.0056807559016715725,0.14122832791160222
193,0.6175999999999999,0.05082212494710405,0.005457685563501902,0.1412998596574757
194,0.6207999999999999,0.05086898420286849,0.00523461522533223,0.1413713914033492
195,0.6239999999999999,0.05091584345863293,0.00501154488716256,0.14144292314922272
196,0.6272,0.05096270271439737,0.0047884745489928885,0.1415144548950962
197,0.6304,0.051009561970161814,0.004565404210823218,0.1415859866409697
198,0.6335999999999999,0.051056421225926255,0.004342333872653547,0.14165751838684318
199,0.6367999999999999,0.051103280481690695,0.004119263534483877,0.1417290501327167
200,0.6399999999999999,0.051150139737455136,0.0038961931963142054,0.14180058187859018
201,0.6432,0.05119699899321958,0.0036731228581445338,0.14187211362446367
202,0.6464,0.051243858248984024,0.003450052519974864,0.14194364537033718
203,0.6496,0.051290717504748465,0.003226982181805192,0.14201517711621067
204,0.6527999999999999,0.051337576760512905,0.0030039118436355223,0.14208670886208416
205,0.6559999999999999,0.051384436016277346,0.0027808415054658506,0.14215824060795765
206,0.6592,0.05143129527204179,0.002557771167296179,0.14222977235383116
207,0.6624,0.05147815452780623,0.0023347008291265087,0.14230130409970465
208,0.6656,0.051503219815912646,0.002146787685148711,0.1423668562144373
209,0.6688,0.05152828510401906,0.001958874541170914,0.14243240832916992
210,0.672,0.051553350392125476,0.0017709613971931162,0.14249796044390256
211,0.6752,0.05157841568023189,0.0015830482532153186,0.1425635125586352
212,0.6784,0.051603480968338306,0.0013951351092375212,0.14262906467336783
213,0.6816,0.051628546256444724,0.0012072219652597238,0.14269461678810047
214,0.6848,0.051653611544551135,0.0010193088212819262,0.14276016890283313
215,0.688,0.051678676832657554,0.0008313956773041288,0.14282572101756577
216,0.6912,0.051703742120763965,0.0006434825333263314,0.1428912731322984
217,0.6944,0.051728807408870384,0.00045556938934853373,0.14295682524703104
218,0.6976,0.051753872696976795,0.0002676562453707361,0.14302237736176368
219,0.7008,0.051778937985083213,7.974310139293892e-05,0.14308792947649632
220,0.704,0.05180400327318963,-0.0001081700425848587,0.14315348159122895
221,0.7071999999999999,0.05182906856129604,-0.0002960831865626563,0.1432190337059616
222,0.7104,0.05185413384940246,-0.0004839963305404535,0.14328458582069423
223,0.7136,0.05187919913750887,-0.0006719094745182511,0.14335013793542686
224,0.7168,0.05190426442561529,-0.0008598226184960483,0.1434156900501595
225,0.72,0.05192932971372171,-0.001047735762473846,0.14348124216489214
226,0.7232,0.05195439500182812,-0.0012356489064516436,0.14354679427962477
227,0.7263999999999999,0.05197946028993454,-0.0014235620504294412,0.14361234639435744
228,0.7296,0.05200452557804095,-0.0016114751944072384,0.14367789850909007
229,0.7328,0.05202959086614737,-0.0017993883383850364,0.1437434506238227
230,0.736,0.05205465615425379,-0.0019873014823628336,0.14380900273855535
231,0.7392,0.0520797214423602,-0.002175214626340631,0.14387455485328798
232,0.7424,0.05210478673046662,-0.002363127770318428,0.14394010696802062
233,0.7456,0.05212985201857303,-0.002551040914296226,0.14400565908275326
234,0.7488,0.05215491730667945,-0.0027389540582740232,0.1440712111974859
235,0.752,0.05217998259478586,-0.0029268672022518213,0.14413676331221853
236,0.7552,0.05220504788289228,-0.0031147803462296176,0.14420231542695117
237,0.7584,0.052230113170998696,-0.0033026934902074157,0.1442678675416838
238,0.7616,0.05225517845910511,-0.003490606634185213,0.14433341965641644
239,0.7648,0.052280243747211526,-0.003678519778163011,0.14439897177114908
240,0.768,0.05230530903531794,-0.003866432922140809,0.14446452388588174
241,0.7712,0.052330374323424356,-0.004054346066118606,0.14453007600061438
242,0.7744,0.052355439611530774,-0.004242259210096404,0.144595628115347
243,0.7776,0.052380504899637186,-0.0044301723540742,0.14466118023007965
244,0.7807999999999999,0.052405570187743604,-0.004618085498051998,0.1447267323448123
245,0.784,0.052430635475850015,-0.004805998642029796,0.14479228445954492
246,0.7872,0.052455700763956434,-0.0049939117860075925,0.14485783657427756
247,0.7904,0.05248076605206285,-0.005181824929985391,0.1449233886890102
248,0.7936,0.052505831340169264,-0.005369738073963187,0.14498894080374283
249,0.7968,0.05253089662827568,-0.005557651217940985,0.14505449291847547
250,0.8,0.05255596191638209,-0.005745564361918783,0.1451200450332081
251,0.8032,0.05258102720448851,-0.005933477505896581,0.14518559714794074
252,0.8064,0.05260609249259492,-0.006121390649874377,0.1452511492626734
253,0.8096,0.05263115778070134,-0.0063093037938521754,0.14531670137740604
254,0.8128,0.05265622306880776,-0.006497216937829972,0.14538225349213868
255,0.8160000000000001,0.05268128835691417,-0.00668513008180777,0.14544780560687132
256,0.8191999999999999,0.05270635364502059,-0.006873043225785568,0.14551335772160395
257,0.8224,0.052731418933127,-0.007060956369763364,0.1455789098363366
258,0.8256,0.05275648422123342,-0.007248869513741163,0.14564446195106923
259,0.8288,0.05278178256491899,-0.007323837782670938,0.14566498491537705
260,0.832,0.052807080908604566,-0.007398806051600713,0.14568550787968487
261,0.8352,0.05283237925229014,-0.0074737743205304874,0.1457060308439927
262,0.8384,0.05285767759597572,-0.0075487425894602625,0.14572655380830052
263,0.8416,0.05288297593966129,-0.0076237108583900376,0.14574707677260834
264,0.8448,0.052908274283346865,-0.007698679127319813,0.14576759973691616
265,0.848,0.05293357262703244,-0.007773647396249588,0.145788122701224
266,0.8512,0.05295887097071801,-0.007848615665179363,0.1458086456655318
267,0.8544,0.052984169314403584,-0.007923583934109137,0.14582916862983963
268,0.8576,0.05300946765808916,-0.007998552203038913,0.14584969159414746
269,0.8608,0.05303476600177474,-0.008073520471968687,0.14587021455845528
270,0.864,0.05306006434546031,-0.008148488740898461,0.1458907375227631
271,0.8672,0.05308536268914588,-0.008223457009828237,0.14591126048707093
272,0.8704,0.053110661032831456,-0.008298425278758011,0.14593178345137875
273,0.8736,0.05313595937651703,-0.008373393547687787,0.14595230641568657
274,0.8768,0.0531612577202026,-0.008448361816617561,0.1459728293799944
275,0.88,0.053186556063888175,-0.008523330085547336,0.14599335234430222
276,0.8832,0.05321185440757375,-0.008598298354477112,0.14601387530861004
277,0.8864,0.05323715275125933,-0.008673266623406886,0.14603439827291786
278,0.8896,0.0532624510949449,-0.008748234892336662,0.1460549212372257
279,0.8928,0.053287749438630475,-0.008823203161266436,0.1460754442015335
280,0.896,0.05331304778231605,-0.00889817143019621,0.14609596716584133
281,0.8992,0.05333834612600162,-0.008973139699125986,0.14611649013014916
282,0.9024,0.053363644469687194,-0.00904810796805576,0.14613701309445698
283,0.9056,0.05338894281337277,-0.009123076236985536,0.1461575360587648
284,0.9088,0.05341424115705835,-0.00919804450591531,0.1461780590230726
285,0.912,0.05343953950074392,-0.009273012774845085,0.14619858198738042
286,0.9152,0.05346483784442949,-0.00934798104377486,0.14621910495168824
287,0.9184,0.053490136188115066,-0.009422949312704635,0.14623962791599607
288,0.9216,0.05351543453180064,-0.009497917581634409,0.1462601508803039
289,0.9248000000000001,0.05354073287548621,-0.009572885850564185,0.1462806738446117
290,0.928,0.053566031219171785,-0.00964785411949396,0.14630119680891954
291,0.9312,0.053591329562857365,-0.009722822388423735,0.14632171977322736
292,0.9344,0.05361662790654294,-0.009797790657353509,0.14634224273753518
293,0.9376,0.05364192625022851,-0.009872758926283285,0.146362765701843
294,0.9408,0.053667224593914084,-0.00994772719521306,0.14638328866615083
295,0.944,0.05369252293759966,-0.010022695464142833,0.14640381163045865
296,0.9472,0.05371782128128523,-0.01009766373307261,0.14642433459476648
297,0.9504,0.0537431196249708,-0.010172632002002385,0.1464448575590743
298,0.9536,0.053768417968656376,-0.01024760027093216,0.14646538052338212
299,0.9568,0.053793716312341956,-0.010322568539861934,0.14648590348768994
300,0.96,0.05381901465602753,-0.01039753680879171,0.14650642645199777
301,0.9632000000000001,0.0538443129997131,-0.010472505077721484,0.1465269494163056
302,0.9664,0.053869611343398675,-0.010547473346651258,0.1465474723806134
303,0.9696,0.05389490968708425,-0.010622441615581034,0.14656799534492124
304,0.9728,0.05392020803076982,-0.010697409884510808,0.14658851830922906
305,0.976,0.053945506374455394,-0.010772378153440582,0.14660904127353688
306,0.9792000000000001,0.053970804718140974,-0.010847346422370358,0.1466295642378447
307,0.9823999999999999,0.05399610306182655,-0.010922314691300134,0.14665008720215253
308,0.9856,0.05402140140551212,-0.010997282960229907,0.14667061016646035
309,0.9888,0.054046699749197694,-0.011072251229159683,0.14669113313076818
310,0.992,0.054046699749197694,-0.011072251229159683,0.14669113313076818
311,0.9952,0.054046699749197694,-0.011072251229159683,0.14669113313076818
312,0.9984000000000001,0.054046699749197694,-0.011072251229159683,0.14669113313076818
313,1.0016,0.054046699749197694,-0.011072251229159683,0.14669113313076818
314,1.0048,0.054046699749197694,-0.011072251229159683,0.14669113313076818
315,1.008,0.054046699749197694,-0.011072251229159683,0.14669113313076818
316,1.0112,0.054046699749197694,-0.011072251229159683,0.14669113313076818
317,1.0144,0.054046699749197694,-0.011072251229159683,0.14669113313076818
318,1.0176,0.054046699749197694,-0.011072251229159683,0.14669113313076818
319,1.0208,0.054046699749197694,-0.011072251229159683,0.14669113313076818
320,1.024,0.054046699749197694,-0.011072251229159683,0.14669113313076818
321,1.0272000000000001,0.054046699749197694,-0.011072251229159683,0.14669113313076818
322,1.0304,0.054046699749197694,-0.011072251229159683,0.14669113313076818
323,1.0336,0.054046699749197694,-0.011072251229159683,0.14669113313076818
324,1.0368,0.054046699749197694,-0.011072251229159683,0.14669113313076818
325,1.04,0.054046699749197694,-0.011072251229159683,0.14669113313076818
326,1.0432000000000001,0.054046699749197694,-0.011072251229159683,0.14669113313076818
327,1.0464,0.054046699749197694,-0.011072251229159683,0.14669113313076818
328,1.0496,0.054046699749197694,-0.011072251229159683,0.14669113313076818
329,1.0528,0.054046699749197694,-0.011072251229159683,0.14669113313076818
330,1.056,0.054046699749197694,-0.011072251229159683,0.14669113313076818
331,1.0592,0.054046699749197694,-0.011072251229159683,0.14669113313076818
332,1.0624,0.054046699749197694,-0.011072251229159683,0.14669113313076818
333,1.0656,0.054046699749197694,-0.011072251229159683,0.14669113313076818
334,1.0688,0.054046699749197694,-0.011072251229159683,0.14669113313076818
335,1.072,0.054046699749197694,-0.011072251229159683,0.14669113313076818
336,1.0752,0.054046699749197694,-0.011072251229159683,0.14669113313076818
337,1.0784,0.054046699749197694,-0.011072251229159683,0.14669113313076818
338,1.0816000000000001,0.054046699749197694,-0.011072251229159683,0.14669113313076818
339,1.0848,0.054046699749197694,-0.011072251229159683,0.14669113313076818
340,1.088,0.054046699749197694,-0.011072251229159683,0.14669113313076818
341,1.0912,0.054046699749197694,-0.011072251229159683,0.14669113313076818
342,1.0944,0.054046699749197694,-0.011072251229159683,0.14669113313076818
343,1.0976,0.054046699749197694,-0.011072251229159683,0.14669113313076818
344,1.1008,0.054046699749197694,-0.011072251229159683,0.14669113313076818
345,1.104,0.054046699749197694,-0.011072251229159683,0.14669113313076818
346,1.1072,0.054046699749197694,-0.011072251229159683,0.14669113313076818
347,1.1104,0.054046699749197694,-0.011072251229159683,0.14669113313076818
348,1.1136,0.054046699749197694,-0.011072251229159683,0.14669113313076818
349,1.1168,0.054046699749197694,-0.011072251229159683,0.14669113313076818
350,1.12,0.054046699749197694,-0.011072251229159683,0.14669113313076818
351,1.1232,0.054046699749197694,-0.011072251229159683,0.14669113313076818
352,1.1264,0.054046699749197694,-0.011072251229159683,0.14669113313076818
353,1.1296,0.054046699749197694,-0.011072251229159683,0.14669113313076818
354,1.1328,0.054046699749197694,-0.011072251229159683,0.14669113313076818
355,1.1360000000000001,0.054046699749197694,-0.011072251229159683,0.14669113313076818
356,1.1392,0.054046699749197694,-0.011072251229159683,0.14669113313076818
357,1.1424,0.054046699749197694,-0.011072251229159683,0.14669113313076818
358,1.1456000000000002,0.054046699749197694,-0.011072251229159683,0.14669113313076818
359,1.1488000000000003,0.054046699749197694,-0.011072251229159683,0.14669113313076818
360,1.1520000000000001,0.054046699749197694,-0.011072251229159683,0.14669113313076818
361,1.1552000000000002,0.054046699749197694,-0.011072251229159683,0.14669113313076818
362,1.1584,0.054046699749197694,-0.011072251229159683,0.14669113313076818
363,1.1616000000000002,0.054046699749197694,-0.011072251229159683,0.14669113313076818
364,1.1648000000000003,0.054046699749197694,-0.011072251229159683,0.14669113313076818
365,1.1680000000000001,0.054046699749197694,-0.011072251229159683,0.14669113313076818
366,1.1712000000000002,0.054046699749197694,-0.011072251229159683,0.14669113313076818
367,1.1744,0.054046699749197694,-0.011072251229159683,0.14669113313076818
368,1.1776000000000002,0.054046699749197694,-0.011072251229159683,0.14669113313076818
369,1.1808,0.054046699749197694,-0.011072251229159683,0.14669113313076818
370,1.1840000000000002,0.054046699749197694,-0.011072251229159683,0.14669113313076818
371,1.1872000000000003,0.054046699749197694,-0.011072251229159683,0.14669113313076818
372,1.1904000000000001,0.054046699749197694,-0.011072251229159683,0.14669113313076818
373,1.1936000000000002,0.054046699749197694,-0.011072251229159683,0.14669113313076818
374,1.1968,0.054046699749197694,-0.011072251229159683,0.14669113313076818
375,1.2000000000000002,0.054046699749197694,-0.011072251229159683,0.14669113313076818
376,1.2032000000000003,0.054046699749197694,-0.011072251229159683,0.14669113313076818
377,1.2064000000000001,0.054046699749197694,-0.011072251229159683,0.14669113313076818
378,1.2096000000000002,0.054046699749197694,-0.011072251229159683,0.14669113313076818
379,1.2128,0.054046699749197694,-0.011072251229159683,0.14669113313076818
380,1.2160000000000002,0.054046699749197694,-0.011072251229159683,0.14669113313076818
381,1.2192000000000003,0.054046699749197694,-0.011072251229159683,0.14669113313076818
382,1.2224000000000002,0.054046699749197694,-0.011072251229159683,0.14669113313076818
383,1.2256000000000002,0.054046699749197694,-0.011072251229159683,0.14669113313076818
384,1.2288000000000001,0.054046699749197694,-0.011072251229159683,0.14669113313076818
385,1.2320000000000002,0.054046699749197694,-0.011072251229159683,0.14669113313076818
386,1.2352,0.054046699749197694,-0.011072251229159683,0.14669113313076818
387,1.2384000000000002,0.054046699749197694,-0.011072251229159683,0.14669113313076818
388,1.2416000000000003,0.054046699749197694,-0.011072251229159683,0.14669113313076818
389,1.2448000000000001,0.054046699749197694,-0.011072251229159683,0.14669113313076818
390,1.2480000000000002,0.054046699749197694,-0.011072251229159683,0.14669113313076818
391,1.2512,0.054046699749197694,-0.011072251229159683,0.14669113313076818
392,1.2544000000000002,0.054046699749197694,-0.011072251229159683,0.14669113313076818
393,1.2576000000000003,0.054046699749197694,-0.011072251229159683,0.14669113313076818
394,1.2608000000000001,0.054046699749197694,-0.011072251229159683,0.14669113313076818
395,1.2640000000000002,0.054046699749197694,-0.011072251229159683,0.14669113313076818
396,1.2672,0.054046699749197694,-0.011072251229159683,0.14669113313076818
397,1.2704000000000002,0.054046699749197694,-0.011072251229159683,0.14669113313076818
398,1.2736,0.054046699749197694,-0.011072251229159683,0.14669113313076818
399,1.2768000000000002,0.054046699749197694,-0.011072251229159683,0.14669113313076818
400,1.2800000000000002,0.054046699749197694,-0.011072251229159683,0.14669113313076818
401,1.2832000000000001,0.054046699749197694,-0.011072251229159683,0.14669113313076818
402,1.2864000000000002,0.054046699749197694,-0.011072251229159683,0.14669113313076818
403,1.2896,0.054046699749197694,-0.011072251229159683,0.14669113313076818
404,1.2928000000000002,0.054046699749197694,-0.011072251229159683,0.14669113313076818
405,1.2960000000000003,0.054046699749197694,-0.011072251229159683,0.14669113313076818
406,1.2992000000000004,0.054046699749197694,-0.011072251229159683,0.14669113313076818
407,1.3024000000000002,0.054046699749197694,-0.011072251229159683,0.14669113313076818
408,1.3056000000000003,0.054046699749197694,-0.011072251229159683,0.14669113313076818
409,1.3088000000000002,0.054046699749197694,-0.011072251229159683,0.14669113313076818
410,1.3120000000000003,0.054046699749197694,-0.011072251229159683,0.14669113313076818
411,1.3152000000000004,0.054046699749197694,-0.011072251229159683,0.14669113313076818
412,1.3184000000000002,0.054046699749197694,-0.011072251229159683,0.14669113313076818
413,1.3216000000000003,0.054046699749197694,-0.011072251229159683,0.14669113313076818
414,1.3248000000000002,0.054046699749197694,-0.011072251229159683,0.14669113313076818
415,1.3280000000000003,0.054046699749197694,-0.011072251229159683,0.14669113313076818
416,1.3312000000000002,0.054046699749197694,-0.011072251229159683,0.14669113313076818
417,1.3344000000000003,0.054046699749197694,-0.011072251229159683,0.14669113313076818
418,1.3376000000000003,0.054046699749197694,-0.011072251229159683,0.14669113313076818
419,1.3408000000000002,0.054046699749197694,-0.011072251229159683,0.14669113313076818
420,1.3440000000000003,0.054046699749197694,-0.011072251229159683,0.14669113313076818
421,1.3472000000000002,0.054046699749197694,-0.011072251229159683,0.14669113313076818
422,1.3504000000000003,0.054046699749197694,-0.011072251229159683,0.14669113313076818
423,1.3536000000000004,0.054046699749197694,-0.011072251229159683,0.14669113313076818
424,1.3568000000000002,0.054046699749197694,-0.011072251229159683,0.14669113313076818
425,1.3600000000000003,0.054046699749197694,-0.011072251229159683,0.14669113313076818
426,1.3632000000000002,0.054046699749197694,-0.011072251229159683,0.14669113313076818
427,1.3664000000000003,0.054046699749197694,-0.011072251229159683,0.14669113313076818
428,1.3696000000000002,0.054046699749197694,-0.011072251229159683,0.14669113313076818
429,1.3728000000000002,0.054046699749197694,-0.011072251229159683,0.14669113313076818
430,1.3760000000000003,0.054046699749197694,-0.011072251229159683,0.14669113313076818
431,1.3792000000000002,0.054046699749197694,-0.011072251229159683,0.14669113313076818
432,1.3824000000000003,0.054046699749197694,-0.011072251229159683,0.14669113313076818
433,1.3856000000000002,0.054046699749197694,-0.011072251229159683,0.14669113313076818
434,1.3888000000000003,0.054046699749197694,-0.011072251229159683,0.14669113313076818
435,1.3920000000000003,0.054046699749197694,-0.011072251229159683,0.14669113313076818
436,1.3952000000000002,0.054046699749197694,-0.011072251229159683,0.14669113313076818
437,1.3984000000000003,0.054046699749197694,-0.011072251229159683,0.14669113313076818
438,1.4016000000000002,0.054046699749197694,-0.011072251229159683,0.14669113313076818
439,1.4048000000000003,0.054046699749197694,-0.011072251229159683,0.14669113313076818
440,1.4080000000000004,0.054046699749197694,-0.011072251229159683,0.14669113313076818
441,1.4112000000000002,0.054046699749197694,-0.011072251229159683,0.14669113313076818
442,1.4144000000000003,0.054046699749197694,-0.011072251229159683,0.14669113313076818
443,1.4176000000000002,0.054046699749197694,-0.011072251229159683,0.14669113313076818
444,1.4208000000000003,0.054046699749197694,-0.011072251229159683,0.14669113313076818
445,1.4240000000000004,0.054046699749197694,-0.011072251229159683,0.14669113313076818
446,1.4272000000000002,0.054046699749197694,-0.011072251229159683,0.14669113313076818
447,1.4304000000000003,0.054046699749197694,-0.011072251229159683,0.14669113313076818
448,1.4336000000000002,0.054046699749197694,-0.011072251229159683,0.14669113313076818
449,1.4368000000000003,0.054046699749197694,-0.011072251229159683,0.14669113313076818
450,1.4400000000000004,0.054046699749197694,-0.011072251229159683,0.14669113313076818
451,1.4432000000000003,0.054046699749197694,-0.011072251229159683,0.14669113313076818
452,1.4464000000000004,0.054046699749197694,-0.011072251229159683,0.14669113313076818
453,1.4496000000000002,0.054046699749197694,-0.011072251229159683,0.14669113313076818
454,1.4528000000000003,0.054046699749197694,-0.011072251229159683,0.14669113313076818
455,1.4560000000000004,0.054046699749197694,-0.011072251229159683,0.14669113313076818
456,1.4592000000000003,0.054046699749197694,-0.011072251229159683,0.14669113313076818
457,1.4624000000000004,0.054046699749197694,-0.011072251229159683,0.14669113313076818
458,1.4656000000000002,0.054046699749197694,-0.011072251229159683,0.14669113313076818
459,1.4688000000000003,0.054046699749197694,-0.011072251229159683,0.14669113313076818
460,1.4720000000000002,0.054046699749197694,-0.011072251229159683,0.14669113313076818
461,1.4752000000000003,0.054046699749197694,-0.011072251229159683,0.14669113313076818
462,1.4784000000000004,0.054046699749197694,-0.011072251229159683,0.14669113313076818
463,1.4816000000000003,0.054046699749197694,-0.011072251229159683,0.14669113313076818
464,1.4848000000000003,0.054046699749197694,-0.011072251229159683,0.14669113313076818
465,1.4880000000000002,0.054046699749197694,-0.011072251229159683,0.14669113313076818
466,1.4912000000000003,0.054046699749197694,-0.011072251229159683,0.14669113313076818
467,1.4944000000000004,0.054046699749197694,-0.011072251229159683,0.14669113313076818
468,1.4976000000000003,0.054046699749197694,-0.011072251229159683,0.14669113313076818
469,1.5008000000000004,0.054046699749197694,-0.011072251229159683,0.14669113313076818
470,1.5040000000000002,0.054046699749197694,-0.011072251229159683,0.14669113313076818
471,1.5072000000000003,0.054046699749197694,-0.011072251229159683,0.14669113313076818
472,1.5104000000000002,0.054046699749197694,-0.011072251229159683,0.14669113313076818
473,1.5136000000000003,0.054046699749197694,-0.011072251229159683,0.14669113313076818
474,1.5168000000000004,0.054046699749197694,-0.011072251229159683,0.14669113313076818
475,1.5200000000000002,0.054046699749197694,-0.011072251229159683,0.14669113313076818
476,1.5232000000000003,0.054046699749197694,-0.011072251229159683,0.14669113313076818
477,1.5264000000000002,0.054046699749197694,-0.011072251229159683,0.14669113313076818
478,1.5296000000000003,0.054046699749197694,-0.011072251229159683,0.14669113313076818
479,1.5328000000000004,0.054046699749197694,-0.011072251229159683,0.14669113313076818
480,1.5360000000000005,0.054046699749197694,-0.011072251229159683,0.14669113313076818
481,1.5392000000000003,0.054046699749197694,-0.011072251229159683,0.14669113313076818
482,1.5424000000000004,0.054046699749197694,-0.011072251229159683,0.14669113313076818
483,1.5456000000000003,0.054046699749197694,-0.011072251229159683,0.14669113313076818
484,1.5488000000000004,0.054046699749197694,-0.011072251229159683,0.14669113313076818
485,1.5520000000000005,0.054046699749197694,-0.011072251229159683,0.14669113313076818
486,1.5552000000000004,0.054046699749197694,-0.011072251229159683,0.14669113313076818
487,1.5584000000000005,0.054046699749197694,-0.011072251229159683,0.14669113313076818
488,1.5616000000000003,0.054046699749197694,-0.011072251229159683,0.14669113313076818
489,1.5648000000000004,0.054046699749197694,-0.011072251229159683,0.14669113313076818
490,1.5680000000000003,0.054046699749197694,-0.011072251229159683,0.14669113313076818
491,1.5712000000000004,0.054046699749197694,-0.011072251229159683,0.14669113313076818
492,1.5744000000000005,0.054046699749197694,-0.011072251229159683,0.14669113313076818
493,1.5776000000000003,0.054046699749197694,-0.011072251229159683,0.14669113313076818
494,1.5808000000000004,0.054046699749197694,-0.011072251229159683,0.14669113313076818
495,1.5840000000000003,0.054046699749197694,-0.011072251229159683,0.14669113313076818
496,1.5872000000000004,0.054046699749197694,-0.011072251229159683,0.14669113313076818
497,1.5904000000000005,0.054046699749197694,-0.011072251229159683,0.14669113313076818
498,1.5936000000000003,0.054046699749197694,-0.011072251229159683,0.14669113313076818
499,1.5968000000000004,0.054046699749197694,-0.011072251229159683,0.14669113313076818
500,1.6000000000000003,0.054046699749197694,-0.011072251229159683,0.14669113313076818
501,1.6032000000000004,0.054046699749197694,-0.011072251229159683,0.14669113313076818
502,1.6064000000000003,0.054046699749197694,-0.011072251229159683,0.14669113313076818
503,1.6096000000000004,0.054046699749197694,-0.011072251229159683,0.14669113313076818
504,1.6128000000000005,0.054046699749197694,-0.011072251229159683,0.14669113313076818
505,1.6160000000000003,0.054046699749197694,-0.011072251229159683,0.14669113313076818
506,1.6192000000000004,0.054046699749197694,-0.011072251229159683,0.14669113313076818
507,1.6224000000000003,0.054046699749197694,-0.011072251229159683,0.14669113313076818
508,1.6256000000000004,0.054046699749197694,-0.011072251229159683,0.14669113313076818
509,1.6288000000000005,0.054046699749197694,-0.011072251229159683,0.14669113313076818
510,1.6320000000000003,0.054046699749197694,-0.011072251229159683,0.14669113313076818
511,1.6352000000000004,0.054046699749197694,-0.011072251229159683,0.14669113313076818
512,1.6384000000000003,0.054046699749197694,-0.011072251229159683,0.14669113313076818
513,1.6416000000000004,0.054046699749197694,-0.011072251229159683,0.14669113313076818
514,1.6448000000000005,0.054046699749197694,-0.011072251229159683,0.14669113313076818
515,1.6480000000000004,0.054046699749197694,-0.011072251229159683,0.14669113313076818
516,1.6512000000000004,0.054046699749197694,-0.011072251229159683,0.14669113313076818
517,1.6544000000000003,0.054046699749197694,-0.011072251229159683,0.14669113313076818
518,1.6576000000000004,0.054046699749197694,-0.011072251229159683,0.14669113313076818
519,1.6608000000000005,0.054046699749197694,-0.011072251229159683,0.14669113313076818
520,1.6640000000000004,0.054046699749197694,-0.011072251229159683,0.14669113313076818
521,1.6672000000000005,0.054046699749197694,-0.011072251229159683,0.14669113313076818
522,1.6704000000000006,0.054046699749197694,-0.011072251229159683,0.14669113313076818
523,1.6736000000000004,0.054046699749197694,-0.011072251229159683,0.14669113313076818
524,1.6768000000000005,0.054046699749197694,-0.011072251229159683,0.14669113313076818
525,1.6800000000000004,0.054046699749197694,-0.011072251229159683,0.14669113313076818
526,1.6832000000000005,0.054046699749197694,-0.011072251229159683,0.14669113313076818
527,1.6864000000000006,0.054046699749197694,-0.011072251229159683,0.14669113313076818
528,1.6896000000000004,0.054046699749197694,-0.011072251229159683,0.14669113313076818
529,1.6928000000000005,0.054046699749197694,-0.011072251229159683,0.14669113313076818
530,1.6960000000000004,0.054046699749197694,-0.011072251229159683,0.14669113313076818
531,1.6992000000000005,0.054046699749197694,-0.011072251229159683,0.14669113313076818
532,1.7024000000000004,0.054046699749197694,-0.011072251229159683,0.14669113313076818
533,1.7056000000000004,0.054046699749197694,-0.011072251229159683,0.14669113313076818
534,1.7088000000000005,0.054046699749197694,-0.011072251229159683,0.14669113313076818
535,1.7120000000000004,0.054046699749197694,-0.011072251229159683,0.14669113313076818
536,1.7152000000000005,0.054046699749197694,-0.011072251229159683,0.14669113313076818
537,1.7184000000000004,0.054046699749197694,-0.011072251229159683,0.14669113313076818
538,1.7216000000000005,0.054046699749197694,-0.011072251229159683,0.14669113313076818
539,1.7248000000000006,0.054046699749197694,-0.011072251229159683,0.14669113313076818
540,1.7280000000000004,0.054046699749197694,-0.011072251229159683,0.14669113313076818
541,1.7312000000000005,0.054046699749197694,-0.011072251229159683,0.14669113313076818
542,1.7344000000000004,0.054046699749197694,-0.011072251229159683,0.14669113313076818
543,1.7376000000000005,0.054046699749197694,-0.011072251229159683,0.14669113313076818
544,1.7408000000000006,0.054046699749197694,-0.011072251229159683,0.14669113313076818
545,1.7440000000000004,0.054046699749197694,-0.011072251229159683,0.14669113313076818
546,1.7472000000000005,0.054046699749197694,-0.011072251229159683,0.14669113313076818
547,1.7504000000000004,0.054046699749197694,-0.011072251229159683,0.14669113313076818
548,1.7536000000000005,0.054046699749197694,-0.011072251229159683,0.14669113313076818
549,1.7568000000000004,0.054046699749197694,-0.011072251229159683,0.14669113313076818
550,1.7600000000000005,0.054046699749197694,-0.011072251229159683,0.14669113313076818
551,1.7632000000000005,0.054046699749197694,-0.011072251229159683,0.14669113313076818
552,1.7664000000000004,0.054046699749197694,-0.011072251229159683,0.14669113313076818
553,1.7696000000000005,0.054046699749197694,-0.011072251229159683,0.14669113313076818
554,1.7728000000000004,0.054046699749197694,-0.011072251229159683,0.14669113313076818
555,1.7760000000000005,0.054046699749197694,-0.011072251229159683,0.14669113313076818
556,1.7792000000000006,0.054046699749197694,-0.011072251229159683,0.14669113313076818
557,1.7824000000000004,0.054046699749197694,-0.011072251229159683,0.14669113313076818
558,1.7856000000000005,0.054046699749197694,-0.011072251229159683,0.14669113313076818
559,1.7888000000000004,0.054046699749197694,-0.011072251229159683,0.14669113313076818
560,1.7920000000000005,0.054046699749197694,-0.011072251229159683,0.14669113313076818
561,1.7952000000000004,0.054046699749197694,-0.011072251229159683,0.14669113313076818
562,1.7984000000000004,0.054046699749197694,-0.011072251229159683,0.14669113313076818
563,1.8016000000000005,0.054046699749197694,-0.011072251229159683,0.14669113313076818
564,1.8048000000000006,0.054046699749197694,-0.011072251229159683,0.14669113313076818
565,1.8080000000000005,0.054046699749197694,-0.011072251229159683,0.14669113313076818
566,1.8112000000000006,0.054046699749197694,-0.011072251229159683,0.14669113313076818
567,1.8144000000000005,0.054046699749197694,-0.011072251229159683,0.14669113313076818
568,1.8176000000000005,0.054046699749197694,-0.011072251229159683,0.14669113313076818
569,1.8208000000000006,0.054046699749197694,-0.011072251229159683,0.14669113313076818
570,1.8240000000000005,0.054046699749197694,-0.011072251229159683,0.14669113313076818
571,1.8272000000000006,0.054046699749197694,-0.011072251229159683,0.14669113313076818
572,1.8304000000000005,0.054046699749197694,-0.011072251229159683,0.14669113313076818
573,1.8336000000000006,0.054046699749197694,-0.011072251229159683,0.14669113313076818
574,1.8368000000000004,0.054046699749197694,-0.011072251229159683,0.14669113313076818
575,1.8400000000000005,0.054046699749197694,-0.011072251229159683,0.14669113313076818
576,1.8432000000000006,0.054046699749197694,-0.011072251229159683,0.14669113313076818
577,1.8464000000000005,0.054046699749197694,-0.011072251229159683,0.14669113313076818
578,1.8496000000000006,0.054046699749197694,-0.011072251229159683,0.14669113313076818
579,1.8528000000000004,0.054046699749197694,-0.011072251229159683,0.14669113313076818
580,1.8560000000000005,0.054046699749197694,-0.011072251229159683,0.14669113313076818
581,1.8592000000000006,0.054046699749197694,-0.011072251229159683,0.14669113313076818
582,1.8624000000000005,0.054046699749197694,-0.011072251229159683,0.14669113313076818
583,1.8656000000000006,0.054046699749197694,-0.011072251229159683,0.14669113313076818
584,1.8688000000000005,0.054046699749197694,-0.011072251229159683,0.14669113313076818
585,1.8720000000000006,0.054046699749197694,-0.011072251229159683,0.14669113313076818
586,1.8752000000000004,0.054046699749197694,-0.011072251229159683,0.14669113313076818
587,1.8784000000000005,0.054046699749197694,-0.011072251229159683,0.14669113313076818
588,1.8816000000000006,0.054046699749197694,-0.011072251229159683,0.14669113313076818
589,1.8848000000000005,0.054046699749197694,-0.011072251229159683,0.14669113313076818
590,1.8880000000000006,0.054046699749197694,-0.011072251229159683,0.14669113313076818
591,1.8912000000000004,0.054046699749197694,-0.011072251229159683,0.14669113313076818
592,1.8944000000000005,0.054046699749197694,-0.011072251229159683,0.14669113313076818
593,1.8976000000000006,0.054046699749197694,-0.011072251229159683,0.14669113313076818
594,1.9008000000000005,0.054046699749197694,-0.011072251229159683,0.14669113313076818
595,1.9040000000000006,0.054046699749197694,-0.011072251229159683,0.14669113313076818
596,1.9072000000000005,0.054046699749197694,-0.011072251229159683,0.14669113313076818
597,1.9104000000000005,0.054046699749197694,-0.011072251229159683,0.14669113313076818
598,1.9136000000000006,0.054046699749197694,-0.011072251229159683,0.14669113313076818
599,1.9168000000000005,0.054046699749197694,-0.011072251229159683,0.14669113313076818
600,1.9200000000000006,0.054046699749197694,-0.011072251229159683,0.14669113313076818
